0.52543739; 0.47456261000000005; 
0.46454519500000013; 0.5354548049999998; 
0.49800517434999975; 0.5541754200000001; 0.6066382500000002; 0.34200740599999996; 0.5019948300000004; 0.44582457999999986; 0.3933617499999999; 0.6579925999999999; 
0.6004242100000001; 0.47114501499999956; 0.3687801300000001; 0.36545663000000006; 0.3995757895; 0.5288549850000003; 0.63121987; 0.6345433699999998; 
0.659622395; 0.3403776049999999; 
0.41005264499999994; 0.5282933000000001; 0.589947355; 0.47170670000000003; 
0.5004636549999998; 0.5093727950000002; 0.49953634500000016; 0.49062720499999984; 
0.5275901249999996; 0.4812792700000001; 0.4724098750000005; 0.51872073; 
0.5630735024999999; 0.7150108749999997; 0.5514586450000001; 0.23371063760000005; 0.23526547268999992; 0.43031269450000026; 0.14524275064999997; 0.4524603806499997; 0.43692649899999986; 0.2849891355; 0.44854135999999994; 0.7662893599999997; 0.7647344884999997; 0.56968731; 0.8547572799999998; 0.5475396200000003; 
0.4121664065; 0.4701006999999999; 0.58783359; 0.5298993; 
0.604566045; 0.649284665; 0.39543395499999995; 0.35071533499999974; 
0.46503293000000007; 0.5340633350000004; 0.53496707; 0.4659366649999997; 
0.5197460300000002; 0.4311280550000001; 0.4802539699999997; 0.5688719449999997; 
0.6438002370499997; 0.5932240876000002; 0.4389687434499999; 0.6144147986400005; 0.6208782849999998; 0.3741990382500001; 0.5740846980000002; 0.7161841849999998; 0.35619976570000006; 0.4067758993499997; 0.5610312487500001; 0.3855852007950001; 0.37912172475000033; 0.6258009489999999; 0.4259153031499998; 0.28381582276999995; 
0.7577162350000002; 0.8127981950000002; 0.24228375870000002; 0.18720179254999994; 
0.6546365949999999; 0.30161371499999995; 0.3453634055000002; 0.6983862779999995; 
0.7416068099999995; 0.8963048849999996; 0.258393191; 0.10369511444999997; 
0.28145385040000015; 0.07648535388500001; 0.7185461549999999; 0.9235146150000003; 
0.17865433029999983; 0.5188053749999997; 0.8213456699999998; 0.4811946250000003; 
0.41549152500000003; 0.31799043740750005; 0.584508475; 0.6820095485000007; 
0.9466724200000003; 0.85795868; 0.053327629649999986; 0.142041343035; 
0.37541772000000007; 0.29121171279999997; 0.6245822800000002; 0.7087883050000002; 
0.8421658299999997; 0.12890024439; 0.15783416618499993; 0.8710997650000003; 
0.9572522750000009; 0.24382365372999984; 0.04274773559499998; 0.7561763649999997; 
0.4106298750000002; 0.12919986457999996; 0.5893701250000002; 0.8708001199999997; 
0.9419399250000002; 0.8501993000000004; 0.05806005968999997; 0.14980071299999997; 
0.9292262799999998; 0.35652938084999997; 0.07077372137000003; 0.6434706150000001; 
0.9158934149999998; 0.20330806229999993; 0.08410658634999996; 0.7966919400000003; 
0.42127577500000024; 0.43412181500000024; 0.5787242249999999; 0.5658781850000001; 
0.1718090085; 0.4728372300000001; 0.8281910000000007; 0.5271627699999999; 
0.5085332349999999; 0.21561814000000004; 0.49146676500000014; 0.7843818599999995; 
0.6170583999999996; 0.25822012799999994; 0.38294159850000037; 0.7417798650000001; 
0.07317544626099999; 0.74367564; 0.9268245599999999; 0.2563243587049999; 
0.10901698565000008; 0.8184703949999996; 0.8909830049999998; 0.18152960901299994; 
0.6057781399999996; 0.086392804815; 0.3942218615000003; 0.9136071649999999; 
0.20464995650000006; 0.9247929599999999; 0.7953500299999999; 0.075207046605; 
0.20221786399999991; 0.18112636699999998; 0.7977821300000001; 0.8188736350000001; 
0.4562967099999999; 0.18108089986599993; 0.5437032900000002; 0.8189190899999994; 
0.3383320404999999; 0.7091267549999993; 0.6616679599999997; 0.290873245; 
0.9313874500000001; 0.42887022715000045; 0.06861257874999997; 0.57112978; 
0.26011394549999994; 0.10683145635255005; 0.7398860500000001; 0.8931685400000002; 
0.317267795; 0.37844879150000027; 0.6827322050000002; 0.6215512099999998; 
0.31067616879999993; 0.21254962444999992; 0.6893238349999996; 0.7874503649999997; 
0.38052878; 0.37221892000000006; 0.6194712199999999; 0.62778108; 
0.31407821000000014; 0.21798993000000005; 0.6859217899999999; 0.7820100699999997; 
0.06363887935000002; 0.25295346000000013; 0.9363611249999998; 0.74704654; 
0.7851732699999997; 0.6203440600000002; 0.21482673350000006; 0.3796559395; 
0.05022952743599996; 0.5876701600000002; 0.9497704499999992; 0.41232983799999995; 
0.874483405; 0.7066231499999996; 0.1255165902; 0.2933768429999998; 
0.027409984394999986; 0.06807020363499998; 0.9725900600000007; 0.9319298299999997; 
0.5749469950000003; 0.7633436749999997; 0.4250530049999998; 0.23665630449999991; 
0.3551630515; 0.6019437250000002; 0.6448369449999999; 0.39805627550000017; 
0.61277939; 0.5247127999999996; 0.3872206099999998; 0.4752872000000001; 
0.3919877450000001; 0.513061085; 0.6080122549999994; 0.48693891499999986; 
0.35238253499999994; 0.21287463000000004; 0.6476174650000002; 0.7871253700000005; 
0.8993435050000005; 0.8622437299999999; 0.10065647295000002; 0.13775627770000007; 
0.43315033999999997; 0.46408565500000015; 0.56684966; 0.535914345; 
0.060256138999999945; 0.10494550150000002; 0.9397438699999999; 0.8950544949999998; 
0.4347926249500001; 0.7508340849999996; 0.5652073825000001; 0.24916593675000004; 
0.24138500305000002; 0.15761703810000002; 0.7586149949999998; 0.8423829600000002; 
0.2881628069999999; 0.17166528264999997; 0.7118371899999996; 0.8283347149999999; 
0.2534193375000001; 0.14708425500000002; 0.74658066; 0.8529157449999996; 
0.8766269849999998; 0.898881515; 0.12337301750000006; 0.1011184889; 
0.09726554969999998; 0.14527566672400005; 0.9027344500000001; 0.8547243450000002; 
0.816990895; 0.5065589249999998; 0.18300911150000015; 0.49344107500000006; 
0.431569881; 0.7128960499999993; 0.5684301200000003; 0.28710395155000007; 
0.2428684672; 0.6918067400000001; 0.7571315249999998; 0.3081932659999998; 
0.5136845500000001; 0.15235296885000002; 0.48631545000000004; 0.84764703; 
0.9187137350000002; 0.12091117203499996; 0.08128623629850003; 0.8790888099999999; 
0.11080321683500002; 0.09698156269999995; 0.8891967749999999; 0.9030184449999998; 
0.08105399649500003; 0.10220404924; 0.9189459999999999; 0.897795945; 
0.14343990555000002; 0.12871160265000003; 0.8565601099999998; 0.87128838; 
0.5686349249999997; 0.7460106450000004; 0.43136507649999983; 0.2539893625; 
0.9217831700000002; 0.06398693739999999; 0.07821686006500003; 0.9360130499999998; 
0.9507035650000004; 0.18662922199999987; 0.049296434678999995; 0.8133707749999998; 
0.9335956649999999; 0.13302756949999994; 0.066404369515; 0.8669724300000002; 
0.2622461625; 0.7333508250000004; 0.7377538399999999; 0.26664916505; 
0.5969576599999996; 0.7776636699999997; 0.4030423415950001; 0.22233634554999984; 
0.28385077850000023; 0.6346763299999997; 0.7161492250000003; 0.36532367000000016; 
0.31611824750500006; 0.2201118259999998; 0.6838817450000004; 0.7798881749999996; 
0.747778155; 0.9260025749999997; 0.25222184305; 0.07399742579499996; 
0.7309151349999996; 0.8910998350000002; 0.26908487099999984; 0.10890015979999991; 
0.14830888255; 0.4511387280000003; 0.8516911349999998; 0.5488612749999997; 
0.03059919808500001; 0.032146461557; 0.9694008199999995; 0.9678535399999995; 
0.026632411036000017; 0.56955184; 0.9733676099999999; 0.4304481600000002; 
0.11013574386000004; 0.949023455; 0.8898642549999998; 0.050976523140000014; 
0.3522514649999998; 0.1264875915; 0.6477485350000001; 0.8735123999999997; 
0.09583778105499999; 0.17544392009999998; 0.90416222; 0.8245560800000008; 
0.05351722832; 0.05485746804; 0.9464827649999996; 0.9451425000000002; 
0.30173789149999997; 0.21070679535; 0.69826211; 0.7892932000000004; 
0.8314874149999996; 0.14996335149999993; 0.168512575; 0.8500366450000003; 
0.150389444; 0.26058250999999993; 0.8496105600000006; 0.7394174900000003; 
0.06220097053999999; 0.16220385799999995; 0.9377990400000003; 0.8377961349999997; 
0.7874164299999998; 0.09169493119999998; 0.21258357200000005; 0.9083050599999993; 
0.06114124095000002; 0.37603350500000027; 0.93885876; 0.6239664949999999; 
0.8655875450000002; 0.04215461197; 0.13441247750000007; 0.9578453900000002; 
0.5311680100000001; 0.8379483949999998; 0.4688319899999998; 0.16205160649999997; 
0.1294309030499999; 0.604006145; 0.8705690899999999; 0.39599385500000006; 
0.04681945826499999; 0.9145788749999996; 0.9531805449999997; 0.08542112166500004; 
0.05071504005000004; 0.8416567699999998; 0.9492849449999993; 0.15834323399999994; 
0.5889210799999998; 0.2492487715000002; 0.41107892000000007; 0.7507512250000002; 
0.03657152886200001; 0.6630204550000002; 0.963428445; 0.3369795449999999; 
0.19908127100000006; 0.63364129; 0.8009187350000001; 0.36635871000000025; 
0.9448822600000005; 0.9400984649999999; 0.05511773219999999; 0.059901519949999996; 
0.03880962564; 0.029031327539999992; 0.9611903800000005; 0.9709686650000003; 
0.13813128225500002; 0.16897244765000008; 0.8618687000000003; 0.8310275449999999; 
0.057308062435000015; 0.060870644300000006; 0.9426919299999998; 0.9391293249999998; 
0.1415974665000001; 0.14521532249999994; 0.8584025150000002; 0.854784665; 
0.8849387799999995; 0.8729106050000004; 0.1150612061500001; 0.12708939565000005; 
0.09750454410000002; 0.3581916594999999; 0.9024954399999997; 0.6418083400000001; 
0.06797320017099998; 0.1272696655; 0.9320268199999997; 0.8727303500000002; 
0.6199184399999998; 0.31963125594999986; 0.38008156100000023; 0.6803687449999997; 
0.4018020630000001; 0.5772498825; 0.5981979349999998; 0.4227501149999998; 
0.16064844344999998; 0.2344641145000001; 0.8393515450000004; 0.7655358850000005; 
0.9575832749999994; 0.7365545699999997; 0.042416740783; 0.2634454299999998; 
0.9128989199999995; 0.07395414210000002; 0.08710107510500001; 0.9260458449999995; 
0.7617819249999997; 0.07315053816999997; 0.23821807699999997; 0.9268494649999995; 
0.39967847000000023; 0.31435691000000004; 0.6003215299999998; 0.6856430899999998; 
0.20675800499999986; 0.12658731971000006; 0.7932419950000003; 0.87341266; 
0.7442469400000001; 0.896938235; 0.25575305699999995; 0.10306173869999999; 
0.8065283500000001; 0.16702958399999995; 0.19347165644999995; 0.8329704249999996; 
0.25840133874999993; 0.8689009150000002; 0.7415986700000002; 0.1310990798300001; 
0.9064309200000008; 0.9481033100000001; 0.09356906534999997; 0.05189669503599997; 
0.7007634; 0.0630680316845; 0.29923659999999996; 0.9369319600000006; 
0.8101712950000001; 0.07949332464775004; 0.18982870950000014; 0.9205067000000003; 
0.3539468715; 0.10667791000499999; 0.6460531300000001; 0.8933220849999999; 
0.09195865057825003; 0.9652651200000001; 0.9080413699999998; 0.03473491138349999; 
0.04269401608000003; 0.8743443500000005; 0.9573059850000003; 0.12565564890000006; 
0.9533318950000002; 0.9588961649999999; 0.04666813860999999; 0.041103882368999985; 
0.28907471765; 0.2852521033; 0.7109252850000002; 0.7147478999999999; 
0.8995041399999999; 0.11136520960000007; 0.10049585420999996; 0.8886347799999997; 
0.04921165823999999; 0.4253636750000001; 0.9507883200000002; 0.574636325; 
0.8692266749999993; 0.2019783369999999; 0.13077331569999995; 0.7980216549999999; 
0.8648607300000005; 0.30119061499999994; 0.13513927699999997; 0.698809385; 
0.8069775949999999; 0.27471004175; 0.1930224059999999; 0.7252899549999999; 
0.9255185399999993; 0.5657006299999996; 0.07448144692499993; 0.4342993700000001; 
0.79333206; 0.3167942903499999; 0.20666794764999996; 0.6832057150000002; 
0.0673182817; 0.41605988499999996; 0.93268174; 0.5839401150000001; 
0.07917878715999999; 0.4712091849999998; 0.920821215; 0.5287908150000001; 
0.14801618350000012; 0.6047947799999998; 0.8519838049999998; 0.39520522000000013; 
0.296369495; 0.05784895438000002; 0.703630505; 0.942151035; 
0.33656684; 0.9298448949999998; 0.6634331600000002; 0.070155087; 
0.7479187600000005; 0.9113080400000002; 0.25208123550000006; 0.08869195899999997; 
0.3626636584999999; 0.4626122574999998; 0.63733634; 0.5373877397900002; 
0.32654426999999997; 0.29147965955000005; 0.6734557299999999; 0.7085203495000004; 
0.6211428250000003; 0.5962257254000002; 0.3788571715000003; 0.40377426499999963; 
0.7532263100000001; 0.04967879098500002; 0.246773691; 0.9503212000000008; 
0.48060953999999995; 0.7744568600000001; 0.5193904600000002; 0.22554314250000004; 
0.663247785; 0.6148447699999998; 0.33675221499999985; 0.38515523; 
0.19209741845; 0.38291351000000007; 0.8079025800000003; 0.6170864900000004; 
0.5040562050000003; 0.5655062150000003; 0.4959437949999998; 0.4344937849999996; 
0.27028546149999993; 0.06065173738999993; 0.7297145399999999; 0.9393482199999998; 
0.3774290114999998; 0.7944542949999996; 0.62257099; 0.20554571891350004; 
0.57355101; 0.5446761149999999; 0.42644899; 0.45532388200000024; 
0.2900869849999999; 0.5822853734999996; 0.7099130149999999; 0.41771462550000016; 
0.956279595; 0.2201601910000001; 0.043720413025; 0.7798398099999999; 
0.41657405500000017; 0.8947731549999998; 0.583425945; 0.10522685350000005; 
0.5909083950000003; 0.5198283450000001; 0.40909160499999997; 0.48017165500000003; 
0.9580396249999997; 0.326224735; 0.04196035326199999; 0.6737752649999998; 
0.13440514700000003; 0.42873811000000017; 0.8655948599999996; 0.5712618899999997; 
0.5732830700000001; 0.50793674; 0.42671693; 0.49206326000000006; 
0.5589156200000001; 0.44597079; 0.44108438; 0.5540292099999999; 
0.1273773533049999; 0.34706926999999993; 0.8726226549999998; 0.65293073; 
0.8481590949999998; 0.15819717095000008; 0.15184092000000005; 0.8418028150000001; 
0.47662244000000015; 0.8471305250000002; 0.5233775599999998; 0.15286947610000004; 
0.5005645900000001; 0.9301110799999995; 0.49943541; 0.06988893247; 
0.09098457725000002; 0.7868401100000001; 0.9090154199999998; 0.2131598890000001; 
0.4292897399999999; 0.9369468850000005; 0.5707102600000002; 0.06305312564999997; 
0.5819991300000001; 0.8949460950000001; 0.41800086999999997; 0.10505391236000007; 
0.23298063800000013; 0.8976205000000003; 0.7670193599999997; 0.10237950825150006; 
0.24141678950000003; 0.7931666400000004; 0.7585832099999996; 0.20683336895000004; 
0.6846603350000001; 0.9261193400000007; 0.3153396649999998; 0.07388067483499998; 
0.5791041199999998; 0.81300242; 0.4208958800000003; 0.18699757910000006; 
0.4673168599999999; 0.278000883855; 0.5326831399999999; 0.721999125; 
0.33605607500000007; 0.27253579688499996; 0.663943925; 0.7274642149999999; 
0.63791154; 0.5172183834999998; 0.36208845999999995; 0.4827816130000002; 
0.6255955799999995; 0.633460545; 0.37440442000000007; 0.366539455; 
0.3493560275000002; 0.84106018; 0.6506439700000002; 0.15893981600000007; 
0.5508638199999998; 0.2851869935; 0.44913618; 0.7148130100000002; 
0.5643779849999997; 0.09342447433500002; 0.43562201500000003; 0.9065755049999994; 
0.722857895; 0.23901012449999987; 0.27714209949999996; 0.7609898799999993; 
0.252319738; 0.6087441399999999; 0.7476802550000001; 0.39125585999999984; 
0.60723582; 0.21389947899999992; 0.39276418000000013; 0.7861005199999996; 
0.8706384899999995; 0.6769417900000003; 0.1293615147; 0.3230582100000002; 
0.10221571694999991; 0.3877470200000001; 0.8977842799999999; 0.61225298; 
0.4255569349999999; 0.20103458749999992; 0.5744430650000001; 0.7989654149999997; 
0.18737921800000001; 0.60263028; 0.8126207750000003; 0.39736972000000015; 
0.011527488070000005; 0.0734178472; 0.988472495; 0.9265821349999993; 
0.04832447940000001; 0.3551934750000001; 0.9516755000000002; 0.6448065249999998; 
0.11157883050000005; 0.32643376499999993; 0.8884211749999998; 0.6735662349999998; 
0.39252238999999994; 0.4484971550000001; 0.6074776100000002; 0.5515028449999998; 
0.18708644884000006; 0.8752887850000003; 0.8129135599999998; 0.12471122340500003; 
0.15897005319949997; 0.7524295799999998; 0.8410299649999996; 0.2475704176000002; 
0.07023222134499997; 0.04490771873500001; 0.9297677950000001; 0.9550922649999997; 
0.15057653449999997; 0.7194669299999998; 0.8494234549999996; 0.28053307300000024; 
0.6260084250000004; 0.7946905550000001; 0.37399156205000006; 0.20530943024999998; 
0.5646214491500003; 0.2953008216999999; 0.4353785607999999; 0.7046991640000002; 
0.12891602844; 0.29495224686000004; 0.8710839550000007; 0.7050477394999999; 
0.9267022899999998; 0.06416589203999999; 0.07329769301; 0.9358340950000001; 
0.8643953850000001; 0.07055405797499997; 0.13560461049999992; 0.9294459299999996; 
0.18488034200000011; 0.944700695; 0.8151196599999997; 0.05529933162000006; 
0.11981282515000002; 0.13826603865; 0.8801871850000001; 0.86173394; 
0.6918386640000003; 0.2168534993500001; 0.3081613230999999; 0.7831465049999998; 
0.13984644781500002; 0.07574814245; 0.860153555; 0.92425187; 
0.7826444999999995; 0.2750434609999999; 0.21735550030000017; 0.7249565404999998; 
0.29746844981000015; 0.3074709499600001; 0.7025315360000001; 0.6925290455000004; 
0.6295768750000003; 0.7561094899999996; 0.37042312150000023; 0.24389051104999995; 
0.15410742475; 0.6947751149999998; 0.8458925800000003; 0.30522489510000006; 
0.8496830050000002; 0.9018181500000001; 0.15031701913000006; 0.09818185673499996; 
0.07276958154350005; 0.06056548797; 0.927230435; 0.9394345300000002; 
0.20195058574999994; 0.2145219439000001; 0.7980494249999999; 0.7854780600000008; 
0.7253903850000003; 0.86486155; 0.27460961899999986; 0.13513846210000005; 
0.494555098; 0.7882540900000007; 0.5054449; 0.21174591290000006; 
0.7261672325; 0.2254003586500001; 0.27383276592050015; 0.7745996099999999; 
0.8952555649999995; 0.39115814549999983; 0.10474443451500007; 0.608841855; 
0.07692711810000002; 0.14859367620000005; 0.9230728800000004; 0.851406315; 
0.82347318; 0.35754669499999997; 0.17652681645; 0.6424533050000004; 
0.05475582181500001; 0.6134874199999999; 0.9452441949999999; 0.38651258; 
0.9233209550000006; 0.29887560449999984; 0.07667903161; 0.7011243949999991; 
0.21294585749999995; 0.7776972799999997; 0.7870541400000001; 0.22230272249999994; 
0.04326835332; 0.94572164; 0.9567316350000002; 0.05427831797499997; 
0.05395005722399999; 0.963501145; 0.9460499399999998; 0.036498876916999996; 
0.8456433199999998; 0.69487729; 0.15435668050000007; 0.30512271; 
0.9008722849999998; 0.059513987095000005; 0.09912767929999998; 0.9404859899999998; 
0.06008280319999998; 0.9017949800000002; 0.9399171949999996; 0.09820497398599994; 
0.9306112049999995; 0.9412192500000001; 0.06938880958499999; 0.05878071955999999; 
0.4414772765000001; 0.4280138705000001; 0.5585227435000002; 0.5719861335000003; 
0.5540346750000003; 0.4062339813499999; 0.4459653249999998; 0.5937660204999999; 
0.30342749600000013; 0.62813591; 0.6965725049999999; 0.37186409250000013; 
0.5759411900000001; 0.10058903262800505; 0.4240588100000003; 0.89941097; 
0.21810128350000013; 0.13282253500000002; 0.7818987200000004; 0.8671774499999999; 
0.8004957800000002; 0.22312857545000003; 0.1995042289999999; 0.7768714400000001; 
0.5689607464999998; 0.38501197039999985; 0.4310392585000001; 0.61498803; 
0.32349088949999993; 0.820462095; 0.67650911; 0.17953788464999987; 
0.11894645069999997; 0.7634313300000001; 0.881053529999999; 0.2365686720500001; 
0.57560989; 0.21096696934999998; 0.4243901100000001; 0.7890330199999999; 
0.7938093349999998; 0.6880536299999995; 0.20619067690000004; 0.3119463695; 
0.06190960630000001; 0.13842262249999995; 0.938090405; 0.8615773999999999; 
0.4330491515500004; 0.3401658466999998; 0.5669508429999999; 0.6598341549999998; 
0.72727759; 0.23510508504999983; 0.2727224040999998; 0.764894925; 
0.9457102550000002; 0.6259548300000002; 0.054289717366; 0.3740451699999999; 
0.7544242549999999; 0.03488281059500001; 0.2455757440000001; 0.9651171699999993; 
0.05343503727499996; 0.9337149750000006; 0.9465649149999996; 0.06628500460000003; 
0.20126325965; 0.8277821699999993; 0.7987367199999998; 0.172217835; 
0.9055656350000004; 0.25631751999999997; 0.09443441356499996; 0.7436824850000001; 
0.8782517299999993; 0.2291475865000001; 0.12174826136000001; 0.7708524250000004; 
0.3306932850000001; 0.22388603132; 0.669306715; 0.7761139749999999; 
0.9372219049999996; 0.3733012619500004; 0.06277809467499998; 0.6266987399999997; 
0.6958414299999996; 0.24673640789999993; 0.30415857; 0.7532635900000004; 
0.6510040099999999; 0.8048079399999998; 0.3489959890000002; 0.19519206875000006; 
0.5030394549999997; 0.1389369806; 0.49696054350000024; 0.86106302; 
0.94093834; 0.9207316849999994; 0.05906165091499997; 0.07926832555500002; 
0.9179161299999998; 0.8466342750000001; 0.082083868125; 0.153365750555; 
0.2629559890000001; 0.3290394956; 0.7370440144999998; 0.6709605064999999; 
0.7759112250000001; 0.731933033; 0.22408877720000006; 0.268066964245; 
0.8816192950000005; 0.6717953480500006; 0.11838070854999998; 0.32820464975000013; 
0.578200545; 0.5902823515000001; 0.421799451; 0.40971765149999967; 
0.058959728404999995; 0.11223143808000004; 0.9410402550000003; 0.8877685550000013; 
0.5125077199999998; 0.4427344500000004; 0.4874922800000001; 0.5572655499999999; 
0.49333607500000004; 0.6875841099999999; 0.5066639249999999; 0.3124158929999999; 
0.8670504300000005; 0.7911042999999998; 0.13294955025000005; 0.2088957054999998; 
0.8714560050000003; 0.8697170749999998; 0.12854399454999998; 0.13028292354999998; 
0.27777696800000007; 0.27165644834999986; 0.7222230349999998; 0.7283435450000002; 
0.8064124949999999; 0.23118381849999992; 0.1935874946499999; 0.7688161749999999; 
0.637794345; 0.26511874249999984; 0.36220565500000035; 0.7348812599999998; 
0.4731119299999999; 0.7388592600000007; 0.5268880700000002; 0.2611407414999999; 
0.29382863800000014; 0.31286919600000007; 0.7061713650000003; 0.6871308049999999; 
0.4088937932; 0.5212267969999995; 0.5911061914500003; 0.47877320500000004; 
0.22283813349999992; 0.184200881; 0.7771618499999998; 0.8157991300000004; 
0.3983362710000001; 0.48280383500000035; 0.6016637249999999; 0.517196165; 
0.4222032449999997; 0.54156729; 0.5777967550000003; 0.45843270999999985; 
0.09296620249999997; 0.39987323500000016; 0.9070338150000004; 0.6001267649999998; 
0.20582857300000004; 0.2674534300000001; 0.7941714249999999; 0.7325465700000007; 
0.12584907107499999; 0.41234842000000016; 0.8741509300000003; 0.58765158; 
0.15727038729999995; 0.34830602499999985; 0.8427296299999992; 0.6516939699999997; 
0.6183686250000003; 0.6301412050000001; 0.38163137429999955; 0.36985879499999974; 
0.8324834600000003; 0.21349093145; 0.16751653032999989; 0.7865090599999998; 
0.17156035900000002; 0.361329; 0.8284396349999998; 0.6386710000000001; 
0.4891245750000001; 0.25140252999999996; 0.510875425; 0.7485974700000001; 
0.06622568979500003; 0.3508838899999999; 0.9337743049999999; 0.6491161099999999; 
0.3885768599999999; 0.2886420012; 0.6114231410000002; 0.7113580099999998; 
0.10479529584499994; 0.13018574134999994; 0.8952047149999995; 0.8698142549999998; 
0.5386494000000002; 0.37522560565000007; 0.4613505985499998; 0.624774395; 
0.09970331494999998; 0.16461127425000005; 0.9002966850000002; 0.8353887300000001; 
0.875989305; 0.9053790850000002; 0.12401068295000003; 0.09462089485000005; 
0.5649445449999998; 0.27148956435000005; 0.43505544750000025; 0.7285104300000006; 
0.42605884749999995; 0.466195169; 0.5739411514999999; 0.5338048305; 
0.09190701829499998; 0.14454445145000003; 0.9080929749999997; 0.8554555550000003; 
0.25379499720300003; 0.3567521160000001; 0.7462050050000002; 0.6432478849999996; 
0.9165971399999997; 0.36173572051499986; 0.08340285972500004; 0.6382642849999995; 
0.5054986521000004; 0.49379887589999993; 0.4945013444999998; 0.5062011323850001; 
0.21016262620000004; 0.8421856850000004; 0.7898373649999998; 0.157814298872; 
0.8565048250000001; 0.3374776345000001; 0.14349518645000006; 0.6625223649999998; 
0.46093837; 0.5077953199999999; 0.53906163; 0.4922046800000001; 
0.11449133743000002; 0.7113237450000001; 0.8855086699999998; 0.2886762619999999; 
0.7813536200000003; 0.8544513349999999; 0.21864638468499997; 0.14554867245; 
0.068632545355; 0.5510191200000003; 0.9313674450000008; 0.4489808795; 
0.28813307899999996; 0.10333332394000001; 0.711866925; 0.8966666800000002; 
0.015417926316000006; 0.03217144889999997; 0.9845820949999999; 0.9678285699999992; 
0.09968559044999999; 0.6990944449999997; 0.9003144249999998; 0.300905555; 
0.044689462924999986; 0.07571953850000003; 0.9553105450000003; 0.9242804500000006; 
0.07231761422500002; 0.5187524000000001; 0.9276824050000001; 0.4812475999999999; 
0.93569795; 0.3449214600000001; 0.0643020587935; 0.6550785400000001; 
0.9273895349999997; 0.3238694250000001; 0.07261044974999996; 0.6761305750000004; 
0.014240435006999994; 0.09984411849999997; 0.9857595499999998; 0.9001558950000005; 
0.876015895; 0.14846209349999998; 0.12398411849999996; 0.8515379200000003; 
0.11161163100000004; 0.11841774450000006; 0.8883883799999996; 0.8815822449999999; 
0.11347721450000008; 0.6948489549999999; 0.8865228099999994; 0.3051510449999999; 
0.029568387380000026; 0.4704758249999999; 0.9704315949999998; 0.5295241750000002; 
0.06543513895999999; 0.2333857849999999; 0.9345648150000007; 0.7666142150000002; 
0.19869713300000005; 0.08614316246999994; 0.8013028750000005; 0.9138568299999997; 
0.17104789715000016; 0.214030996975; 0.8289521150000005; 0.7859690100000001; 
0.14819816064000002; 0.8030664600000003; 0.8518018350000002; 0.19693354604999996; 
0.4623942173500001; 0.5714223470000002; 0.5376057807; 0.4285776533500001; 
0.7590764399999999; 0.6183345649999997; 0.24092356404999976; 0.3816654368500001; 
0.42328013499999956; 0.4929080395000002; 0.5767198650000005; 0.5070919599999999; 
0.6632259691099999; 0.4389422289649999; 0.3367740247599999; 0.5610577788; 
0.8627425200000005; 0.21898520829999985; 0.13725745425000008; 0.7810147950000003; 
0.8151124499999995; 0.8851869950000001; 0.18488755389999997; 0.11481300630000008; 
0.30361651449999977; 0.8446679450000005; 0.6963834894999996; 0.15533206940000013; 
0.017224473344500005; 0.9193025049999999; 0.9827755099999999; 0.08069749991000003; 
0.08143170382500005; 0.7296866750000003; 0.9185682899999997; 0.2703133250000001; 
0.27316353499999996; 0.8603122750000002; 0.7268364650000002; 0.13968773800000006; 
0.6991584799999999; 0.8419511749999997; 0.3008415199999999; 0.15804881714999994; 
0.37467399405; 0.504744535; 0.6253260050000002; 0.4952554645; 
0.015953999654499992; 0.0646667378; 0.9840460199999996; 0.935333265; 
0.9739666450000003; 0.4709662249999998; 0.026033366075000005; 0.529033775; 
0.9149095799999997; 0.03876565052499999; 0.08509042748499997; 0.9612343000000005; 
0.34190851499999986; 0.7910951899999997; 0.6580914849999999; 0.20890479800000006; 
0.8180571699999998; 0.03718952218499998; 0.1819428311499999; 0.9628104949999994; 
0.9290142049999999; 0.103339696135; 0.07098582851000003; 0.8966602900000001; 
0.6725494049999999; 0.66356397; 0.32745059409; 0.336436020135; 
0.8047660100000003; 0.9144222649999998; 0.19523399400000005; 0.08557771820500004; 
0.8866092749999999; 0.34333715063449993; 0.11339072604099995; 0.6566628450000003; 
0.5647336602222846, 0.5908198986045954, 0.596016740968583, 0.6167237396007671, 0.6111639872522675, 0.6066879236401156, 0.6234914418863484, 0.6223311381638202, 0.6006390440842374, 0.606862751355519, 0.6295926271936015, 0.624461858978623, 0.6269875623215079, 0.6187501211028077, 0.6140093883929398, 0.6177200606827263, 0.6259218253520071, 0.6313929170072033, 0.6401148598673383, 0.6345801649418765, 0.6277999753948462, 0.6007407543558467, 0.5966590071726138, 0.5943866176121672, 0.6116122868569087, 0.5962931964825013, 0.5964872698362998, 0.5865398775290448, 0.6028953952657689, 0.5877739450616534, 0.6109782170913384, 0.6082299348916116, 0.6061070435428804, 0.6022798634450357, 0.6126549186393399, 0.5918188595700083, 0.5926619226243607, 0.5918340433488686, 0.5881073943172455, 0.5883038548995844, 0.586132253490895, 0.5894061113534214, 0.5789413390653969, 0.594873351451972, 0.5960693801218587, 0.5889135391581137, 0.5888815440265591, 0.5937171658940419, 0.6008903237577045, 0.6013434597501426, 0.5967940610279677, 0.5942678089683417, 0.6150936567712889, 0.6168613336754692, 0.6133885654147274, 0.6161724509865802, 0.6333221887286902, 0.6285254795977413, 0.6260048641718635, 0.6091780794021315, 0.5926364109177977, 0.6067130872707364, 0.5899546309114261, 0.6212821426390083, 0.6041475085793337, 0.6052398405576379, 0.5866956465883051, 0.6030294867837803, 0.620189312305758, 0.6236370302039491, 0.6149455663632818, 0.616818296783601, 0.6267345568125259, 0.6210964875449957, 0.62411726445319, 0.6181882151243658, 0.6181530733546232, 0.6209709837759476, 0.612260368670159, 0.6303024915074504, 0.6100000234540477, 0.621780543438973, 0.629367730395603, 0.6235863673800693, 0.6196894272186105, 0.6292103170318099, 0.6199417966514951, 0.636401561627576, 0.6318291108014533, 0.6112965585166424, 0.6174898754351118, 0.619324761015663, 0.6011924251516367, 0.6207616864650652, 0.6100193561749246, 0.6029865046976268, 0.6099472214983871, 0.6115163213237074, 0.6363388200463465, 0.6358890183234758, 0.6180181940138205, 0.6366546108787016, 0.6188978458733857, 0.6113882754525702, 0.6129024272178738, 0.6133000318175165, 0.6152257243642107, 0.6193803200871469, 0.6138258902273094, 0.6219061522107204, 0.6170737805603324, 0.6304826254882829, 0.6349201782306111, 0.62043229983126, 0.6296419708356068, 0.6314614770528709, 0.6370452861848505, 0.6312811301477708, 0.6442678801744147, 0.6245177176731384, 0.6411895022778781, 0.6418929720507836, 0.6194941797284635, 0.6111287793637468, 0.6195815476644972, 0.6309952536501304, 0.6130246704039913, 0.623872361732127, 0.6207316927655273, 0.6117471303859483, 0.6172175027121117, 0.6283281268936081, 0.6133807954139999, 0.612545477803251, 0.611276817993067, 0.6212054476964195, 0.6050958926217178, 0.6162000038800305, 0.6215991369583849, 0.6203535693219742, 0.6138867180798901, 0.6001682073874941, 0.594712817974317, 0.6148898279298278, 0.6307567888601874, 0.6393844986820755, 0.6413761559715626, 0.6241525604246451, 0.6466126856690702, 0.635763278477126, 0.6165607673600599, 0.6134589949772242, 0.6134354118871171, 0.6217729863192544, 0.6157966710518064, 0.5972978583934614, 0.6123613900603755, 0.6056855790119512, 0.6156078728993035, 0.6252008074979661, 0.6271162426893071, 0.6220775695534615, 0.6040866920770314, 0.6052207791089236, 0.6215424697488782, 0.6100481120346286, 0.615555786069775, 0.6141558565602765, 0.6231253017742551, 0.6084151562099565, 0.6072908290233233, 0.6069173870495175, 0.6072871735301927, 0.5958149531527965, 0.6017339177836156, 0.599551040416497, 0.5774391900119318, 0.6057615452114808, 0.6116335240956864, 0.6053051232613996, 0.597108729512874, 0.5965285188854291, 0.6068322644711625, 0.5907530317534364, 0.6100742677676085, 0.5892452987342065, 0.6083192280036926, 0.6046180988460457, 0.6059283537967464, 0.6191120832761495, 0.6178719500584129, 0.6301285353427696, 0.6201815369885111, 0.6229274959942546, 0.5961801338559307, 0.6071035555556877, 0.5900125807734942, 0.5810631815810916, 0.6128164924254531, 0.620067194501223
