0.5329716
0.46702838
0.4978399
0.5021601
0.87875664
0.12124342
0.7426218
0.2573783
0.8076709
0.19232911
0.8648412
0.13515876
0.29169437
0.70830566
0.4500925
0.54990757
0.25200516
0.74799484
0.18753561
0.8124644
0.55236393
0.447636
0.42508864
0.5749113
0.69702834
0.30297166
0.78353906
0.21646091
0.6368846
0.3631153
0.9291467
0.0708533
0.866612
0.13338801
0.32152778
0.6784721
0.47528285
0.5247172
0.17459194
0.8254081
0.34390298
0.65609705
0.36044037
0.6395597
0.56479424
0.43520585
0.4152041
0.58479595
0.46258733
0.53741264
0.48043507
0.51956487
0.619182
0.380818
0.36346778
0.6365321
0.49221352
0.50778645
0.35961783
0.6403822
0.5768074
0.42319268
0.41930518
0.5806949
0.4591924
0.54080755
0.6672025
0.33279753
0.47363016
0.52636987
0.6014647
0.39853534
0.45904273
0.5409573
0.6022358
0.39776415
0.5295415
0.47045854
0.7712711
0.22872889
0.5801799
0.41982
0.33069903
0.669301
0.57259154
0.42740846
0.66805
0.33194998
0.27506635
0.7249337
0.7454034
0.2545966
0.5758496
0.42415038
0.41388386
0.58611614
0.22895046
0.77104956
0.44964278
0.5503572
0.619746
0.380254
0.40272456
0.59727544
0.26876318
0.7312368
0.61797816
0.3820219
0.7045551
0.2954449
0.42470253
0.57529753
0.51308477
0.48691514
0.3684732
0.63152677
0.331879
0.66812104
0.63489026
0.36510977
0.7839267
0.21607324
0.718745
0.28125504
0.7265487
0.2734514
0.44659272
0.55340725
0.5016798
0.49832022
0.51511955
0.4848805
0.5521851
0.44781485
0.34383944
0.65616053
0.6653012
0.33469874
0.25042135
0.7495787
0.47744045
0.5225595
0.33015478
0.6698453
0.5577008
0.4422992
0.30285883
0.6971412
0.4299921
0.5700079
0.38035643
0.6196436
0.34969077
0.65030926
0.47400525
0.5259948
0.37678805
0.623212
0.4953345
0.50466555
0.4812495
0.5187504
0.34415457
0.65584546
0.26593098
0.734069
0.32401353
0.67598647
0.42187822
0.5781218
0.58680135
0.4131987
0.29285544
0.7071446
0.3834331
0.61656696
0.42584106
0.57415897
0.5354041
0.46459588
0.38686156
0.61313856
0.5684463
0.43155375
0.4119971
0.5880029
0.3093783
0.69062173
0.44376937
0.55623055
0.2344812
0.7655188
0.3798806
0.62011945
0.50068355
0.49931645
0.31030038
0.68969965
0.18158467
0.8184153
0.3804121
0.61958784
0.27569214
0.7243077
0.48317838
0.5168217
0.1314307
0.86856925
0.25925696
0.74074304
0.49647808
0.5035219
0.5550321
0.44496793
0.38456413
0.61543584
0.3885096
0.6114903
0.31585288
0.6841471
0.4762773
0.52372277
0.22265369
0.77734625
0.35885066
0.64114934
0.119705975
0.8802941
0.5756484
0.42435154
0.22299418
0.7770059
0.5526759
0.44732404
0.5444472
0.45555288
0.50546384
0.49453604
0.5882377
0.41176236
0.48404863
0.5159513
0.5678349
0.43216512
0.5499972
0.4500028
0.24544099
0.754559
0.47868955
0.52131045
0.3699199
0.6300801
0.68038774
0.31961226
0.21673863
0.78326136
0.32876548
0.6712344
0.5992567
0.40074334
0.4932417
0.50675833
0.41644242
0.5835576
0.39861816
0.6013819
0.48351857
0.5164814
0.4788372
0.5211628
0.33994317
0.66005677
0.34776843
0.6522315
0.39448646
0.6055136
0.4338228
0.5661772
0.29428184
0.7057181
0.35529748
0.64470255
0.61237013
0.38763
0.5180063
0.4819937
0.38629952
0.6137005
0.50191593
0.49808407
0.5872526
0.41274738
0.43440515
0.56559485
0.61550325
0.38449672
0.0931032
0.9068968
0.36061272
0.6393873
0.12849994
0.8715001
0.13071778
0.8692822
0.2583312
0.7416688
0.2753195
0.72468054
0.31360507
0.68639493
0.24041508
0.7595849
0.41304225
0.5869578
0.2530462
0.7469538
0.5806184
0.41938162
0.42941573
0.57058424
0.14472893
0.8552711
0.51407576
0.48592427
0.36217442
0.6378256
0.5749338
0.42506617
0.1397874
0.8602126
0.70742303
0.29257694
0.71979976
0.2802002
0.28524506
0.71475494
0.15679227
0.8432077
0.29331136
0.70668864
0.18936618
0.8106338
0.37082195
0.62917805
0.2560011
0.74399894
0.7794193
0.22058071
0.322002
0.677998
0.6100607
0.38993937
0.16780813
0.8321918
0.211904
0.78809595
0.60214347
0.3978565
0.13763195
0.862368
0.34375516
0.6562448
0.2434914
0.75650865
0.4908975
0.50910246
0.22160493
0.77839506
0.45223665
0.5477634
0.32262823
0.6773717
0.30379003
0.69620997
0.26108238
0.7389176
0.19667237
0.8033276
0.29680917
0.7031908
0.2816787
0.7183213
0.3596797
0.6403203
0.32498267
0.6750173
0.60963446
0.39036548
0.37798062
0.6220194
0.34239405
0.65760595
0.15173626
0.8482638
0.08768001
0.91231996
0.3063231
0.69367695
0.28387284
0.7161271
0.50911134
0.49088874
0.4127978
0.58720225
0.47111338
0.5288866
0.26644978
0.7335502
0.31853405
0.6814659
0.75299513
0.24700485
0.3875527
0.6124473
0.5353457
0.46465436
0.29352787
0.7064721
0.19531116
0.8046889
0.39738703
0.602613
0.13957797
0.860422
0.21280468
0.7871953
0.24774887
0.7522512
0.7094125
0.29058746
0.2817988
0.71820116
0.56156415
0.43843588
0.24648547
0.7535145
0.46579963
0.53420043
0.6644465
0.33555353
0.73338443
0.2666155
0.25116867
0.74883133
0.4916123
0.5083877
0.22619756
0.77380246
0.52250975
0.47749025
0.49962863
0.5003714
0.3680691
0.6319308
0.3169958
0.68300414
0.5855081
0.41449198
0.362819
0.637181
0.58113706
0.41886297
0.23064727
0.76935273
0.623018
0.37698197
0.37183914
0.6281609
0.4162994
0.58370054
0.32025906
0.679741
0.67690796
0.3230921
0.4052733
0.5947266
0.41947988
0.5805201
0.18977247
0.8102276
0.5089339
0.49106604
0.5363191
0.46368095
0.56282276
0.43717724
0.43951032
0.5604897
0.32468697
0.67531294
0.2992394
0.7007606
0.4087805
0.5912194
0.2683847
0.7316153
0.43539828
0.56460166
0.4782502
0.5217498
0.3736154
0.62638456
0.55511963
0.44488034
0.5415509
0.458449
0.50475794
0.49524215
0.30452946
0.6954706
0.110312805
0.8896872
0.37997794
0.62002206
0.53377116
0.46622878
0.6370034
0.36299655
0.30678833
0.6932117
0.34881982
0.6511802
0.304679
0.695321
0.37888718
0.6211128
0.51691073
0.48308927
0.5004075
0.49959248
0.4379079
0.5620922
0.59587693
0.4041231
0.3915294
0.60847056
0.4674278
0.5325722
0.2392615
0.76073855
0.6830495
0.3169504
0.344392
0.6556081
0.61947954
0.38052052
0.58009136
0.41990867
0.48963007
0.51036996
0.56838465
0.43161532
0.35912064
0.6408793
0.4736341
0.52636594
0.31993368
0.6800662
0.51776004
0.48224
0.5499298
0.45007014
0.5619992
0.43800074
0.73772305
0.26227698
0.52466834
0.47533163
0.57107025
0.42892984
0.6972739
0.30272615
0.58222944
0.4177706
0.39170727
0.60829276
0.49736694
0.50263304
0.420401
0.57959896
0.40924004
0.59076
0.2773586
0.72264135
0.42941386
0.5705862
0.26354074
0.7364592
0.4884898
0.51151025
0.44641495
0.553585
0.5917089
0.40829116
0.27012637
0.72987366
0.41342896
0.58657104
0.5132943
0.48670572
0.47448662
0.52551335
0.3722698
0.62773025
0.4030545
0.59694546
0.4711665
0.52883345
0.52344304
0.476557
0.40455145
0.5954485
0.34973386
0.6502662
0.34148553
0.6585145
0.6022303
0.3977697
0.4832301
0.5167698
0.41980606
0.580194
0.33868787
0.66131216
0.62871087
0.3712892
0.47281456
0.5271854
0.49510416
0.5048958
0.3876796
0.6123204
0.685906
0.3140941
0.6539969
0.34600306
0.5855949
0.41440514
0.63893867
0.36106133
0.4532058
0.54679424
0.61454904
0.385451
0.63747287
0.3625271
0.6957288
0.3042712
0.5765761
0.42342383
0.5734495
0.42655048
0.6152401
0.38475987
0.36308256
0.6369175
0.772173
0.22782704
0.405652
0.59434795
0.7162634
0.28373662
0.2842978
0.7157022
0.48608217
0.51391786
0.41977102
0.5802289
0.5989329
0.4010671
0.35459158
0.64540845
0.5448313
0.45516875
0.347198
0.652802
0.50899744
0.49100253
0.36823732
0.6317627
0.6630729
0.33692715
0.37672803
0.623272
0.7174854
0.2825145
0.32325193
0.6767481
0.6059363
0.39406374
0.40767547
0.59232455
0.4018632
0.5981368
0.52269953
0.47730044
0.38790834
0.6120917
0.51524734
0.48475263
0.49577558
0.5042244
0.6376487
0.3623513
0.2623058
0.7376942
0.6223314
0.3776686
0.60123056
0.3987694
0.69905365
0.30094633
0.43723738
0.5627626
0.6024971
0.3975028
0.3184923
0.68150777
0.32146797
0.67853206
0.69356465
0.3064353
0.42021716
0.57978284
0.60219544
0.39780453
0.34440592
0.655594
0.6548034
0.34519663
0.63548595
0.36451405
0.5210879
0.47891212
0.6586088
0.34139115
0.3018493
0.6981507
0.36780897
0.63219106
0.35056856
0.64943147
0.6724903
0.3275097
0.50130874
0.49869123
0.17353147
0.82646847
0.503269
0.496731
0.6975744
0.30242565
0.25245366
0.7475463
0.47785246
0.5221476
0.1370764
0.86292356
0.2691318
0.73086816
0.73686457
0.2631354
0.22381617
0.7761838
0.5840127
0.4159873
0.16740744
0.8325925
0.2468184
0.75318164
0.22774073
0.77225924
0.60968983
0.39031017
0.18497793
0.81502205
0.43403184
0.56596816
0.19380432
0.8061957
0.5177383
0.4822617
0.11585973
0.88414025
0.6153314
0.38466856
0.43242604
0.567574
0.55203784
0.44796225
0.41227823
0.58772177
0.51585484
0.48414516
0.4341623
0.5658377
0.42307562
0.57692444
0.26680046
0.73319954
0.28201535
0.7179847
0.5105254
0.48947468
0.5100542
0.48994583
0.35385725
0.6461427
0.4366681
0.56333196
0.17727622
0.82272375
0.50081867
0.49918133
0.26992688
0.73007315
0.49241844
0.50758153
0.41302297
0.586977
0.6093767
0.3906233
0.47356033
0.52643967
0.5221354
0.47786468
0.48062363
0.5193764
0.56823605
0.431764
0.5590646
0.44093534
0.40234053
0.5976596
0.5926133
0.40738678
0.48447138
0.5155287
0.5771608
0.42283925
0.6148312
0.38516882
0.4907989
0.50920105
0.6305259
0.3694741
0.51399666
0.4860034
0.6504205
0.34957954
0.73248696
0.26751304
0.75456244
0.2454375
0.28980532
0.7101946
0.6944094
0.3055906
0.6692608
0.33073923
0.5438126
0.45618737
0.4780083
0.52199167
0.57581437
0.42418575
0.5401753
0.4598247
0.55859107
0.44140896
0.34879783
0.65120214
0.5187272
0.48127288
0.40250683
0.5974932
0.5805552
0.41944483
0.6706879
0.32931203
0.52189416
0.47810587
0.7033222
0.29667777
0.40808886
0.5919111
0.27081034
0.72918963
0.5572504
0.44274962
0.50610983
0.4938901
0.62829524
0.37170482
0.50251114
0.49748892
0.53057826
0.46942177
0.5203996
0.47960043
0.48480898
0.51519096
0.5202367
0.47976336
0.45339486
0.54660517
0.5424279
0.4575721
0.40520433
0.59479576
0.4379949
0.5620051
0.32532525
0.6746748
0.5272409
0.4727592
0.4021487
0.59785134
0.49013785
0.50986224
0.45475513
0.5452449
0.4639702
0.5360298
0.7281649
0.27183506
0.8490962
0.1509038
0.6491725
0.35082757
0.6226751
0.3773249
0.4690662
0.53093374
0.5058649
0.49413517
0.33842465
0.6615754
0.35199344
0.6480065
0.35359704
0.64640296
0.27049735
0.7295027
0.50835735
0.4916427
0.2915453
0.7084548
0.55429816
0.44570178
0.64444363
0.35555643
0.4952672
0.5047327
0.6207964
0.37920365
0.5254755
0.47452447
0.47566146
0.52433854
0.4858532
0.51414675
0.6391844
0.36081564
0.6456852
0.35431486
0.5378223
0.46217775
0.57763153
0.4223685
0.57720697
0.42279303
0.560256
0.43974403
0.35591385
0.6440861
0.69784003
0.30216002
0.40226138
0.5977386
0.5176043
0.48239565
0.46628654
0.5337135
0.48866737
0.51133263
0.4048411
0.5951589
0.583377
0.4166231
0.27355108
0.7264489
0.4756379
0.524362
0.23169006
0.76830995
0.38444245
0.61555755
0.2732729
0.72672707
0.49273518
0.5072648
0.30226004
0.69774
0.40985477
0.5901453
0.224369
0.775631
0.47169513
0.5283049
0.38534945
0.61465055
0.38030875
0.6196913
0.53389055
0.46610945
0.6716505
0.32834953
0.33804804
0.66195196
0.54325444
0.45674556
0.6247387
0.3752613
0.40709013
0.5929099
0.5768966
0.42310345
0.43323404
0.56676596
0.4223422
0.5776578
0.5181087
0.48189127
0.6154785
0.3845215
0.6057651
0.3942349
0.56741595
0.4325841
0.52049196
0.479508
0.4029744
0.5970257
0.55204064
0.44795933
0.55067736
0.44932267
0.5627916
0.43720847
0.49156114
0.5084388
0.56675076
0.4332493
0.50200915
0.49799085
0.5343496
0.46565035
0.43037364
0.5696264
0.52654403
0.47345594
0.5791065
0.42089346
0.5457758
0.4542243
0.54684544
0.45315456
0.6121785
0.38782147
0.59190106
0.40809888
0.35641044
0.64358956
0.52702665
0.4729733
0.44371122
0.5562888
0.5626055
0.4373944
0.5749689
0.4250311
0.5550141
0.44498587
0.5949956
0.40500438
0.32554352
0.6744565
0.2863875
0.7136125
0.48437274
0.5156272
0.6208777
0.3791223
0.47696936
0.5230306
0.42569315
0.5743068
0.3872987
0.6127013
0.44561
0.5543901
0.39993763
0.6000624
0.5320744
0.46792564
0.35649085
0.64350915
0.3759288
0.62407124
0.14257993
0.85742015
0.42855552
0.5714444
0.13744563
0.8625543
0.33522728
0.6647727
0.22967762
0.7703224
0.365783
0.634217
0.6105281
0.38947183
0.42096403
0.579036
0.4093889
0.5906111
0.56720906
0.43279102
0.4532878
0.5467121
0.37634414
0.62365586
0.32969344
0.67030656
0.37767193
0.62232804
0.27037814
0.7296218
0.5419743
0.4580256
0.120936416
0.8790636
0.53474134
0.46525872
0.47086087
0.5291392
0.35837063
0.6416294
0.42234865
0.5776513
0.2298156
0.77018446
0.24422693
0.75577307
0.330486
0.669514
0.5283727
0.47162727
0.57709455
0.4229054
0.43729636
0.5627037
0.35777768
0.6422223
0.5357246
0.46427533
0.7237398
0.27626023
0.17885992
0.82114005
0.7167043
0.28329572
0.14918192
0.8508181
0.67533654
0.3246635
0.2155158
0.78448415
0.3529116
0.6470884
0.3636537
0.6363463
0.44529447
0.55470556
0.35017487
0.6498251
0.39875683
0.60124326
0.292193
0.707807
0.40449342
0.59550655
0.4679819
0.53201807
0.43564206
0.564358
0.24557748
0.75442255
0.63228136
0.36771867
0.24493113
0.7550689
0.6300985
0.3699015
0.61423117
0.38576886
0.5127604
0.4872397
0.5276287
0.47237128
0.46660322
0.5333968
0.6191164
0.3808836
0.42798546
0.5720146
0.10286535
0.8971347
0.2537898
0.7462102
0.4479606
0.5520394
0.1165981
0.8834018
0.3742592
0.6257408
0.20999214
0.7900078
0.09179627
0.9082037
0.3061002
0.6938998
0.7487352
0.25126472
0.32033855
0.67966145
0.6162305
0.38376948
0.30218193
0.69781804
0.2900883
0.7099117
0.09298789
0.90701205
0.6404568
0.3595432
0.36107525
0.6389247
0.16259463
0.8374053
0.48499385
0.51500624
0.21396908
0.7860309
0.46644536
0.53355455
0.2053079
0.7946921
0.457382
0.5426179
0.21082075
0.7891792
0.53161794
0.46838203
0.26638135
0.7336187
0.24173306
0.758267
0.31575385
0.6842461
0.39455378
0.6054462
0.5047459
0.49525404
0.34300655
0.65699345
0.33179235
0.6682077
0.4908634
0.5091366
0.35332498
0.6466751
0.47028154
0.5297184
0.36169726
0.6383028
0.5448032
0.4551968
0.3261846
0.6738154
0.40220526
0.59779465
0.5775478
0.4224522
0.45059153
0.54940844
0.6263881
0.37361193
0.21499838
0.7850017
0.44955128
0.5504487
0.31798667
0.6820134
0.8442577
0.15574227
0.22983108
0.77016896
0.79804146
0.20195848
0.22422613
0.77577394
0.8205749
0.17942515
0.18936734
0.81063265
0.46016502
0.539835
0.78491014
0.21508987
0.40087548
0.5991246
0.94030017
0.059699822
0.2754198
0.72458017
0.101807326
0.89819264
0.6800787
0.31992134
0.8336501
0.16634989
0.18164438
0.8183556
0.062332008
0.937668
0.5158425
0.4841575
0.52823144
0.47176853
0.28986076
0.7101393
0.42335862
0.5766414
0.31002373
0.6899763
0.5663571
0.43364298
0.53546107
0.464539
0.38171524
0.6182847
0.5936682
0.40633187
0.6182838
0.3817162
0.503464
0.49653596
0.52564824
0.4743518
