n0.prob[1] 1 300
n0.prob[2] 301 600
n1.prob[1] 601 900
n1.prob[2] 901 1200
n2.prob[1,1] 1201 1500
n2.prob[2,1] 1501 1800
n2.prob[1,2] 1801 2100
n2.prob[2,2] 2101 2400
n3.prob[1,1,1] 2401 2700
n3.prob[2,1,1] 2701 3000
n3.prob[1,2,1] 3001 3300
n3.prob[2,2,1] 3301 3600
n3.prob[1,1,2] 3601 3900
n3.prob[2,1,2] 3901 4200
n3.prob[1,2,2] 4201 4500
n3.prob[2,2,2] 4501 4800
n3.prob[1,1,3] 4801 5100
n3.prob[2,1,3] 5101 5400
n3.prob[1,2,3] 5401 5700
n3.prob[2,2,3] 5701 6000
n4.prob[1,1] 6001 6300
n4.prob[2,1] 6301 6600
n4.prob[3,1] 6601 6900
n4.prob[1,2] 6901 7200
n4.prob[2,2] 7201 7500
n4.prob[3,2] 7501 7800
