1  0.609427
2  0.661746
3  0.685764
4  0.696351
5  0.701959
6  0.703885
7  0.705593
8  0.706088
9  0.706464
10  0.70742
11  0.707744
12  0.706527
13  0.705881
14  0.706236
15  0.708096
16  0.70637
17  0.704115
18  0.705541
19  0.706194
20  0.704997
21  0.705327
22  0.706774
23  0.704785
24  0.706556
25  0.705816
26  0.705776
27  0.705342
28  0.706642
29  0.703133
30  0.70718
31  0.705283
32  0.706614
33  0.7038
34  0.706975
35  0.707097
36  0.705843
37  0.703125
38  0.705519
39  0.703273
40  0.704275
41  0.703618
42  0.704041
43  0.703974
44  0.706095
45  0.707765
46  0.706354
47  0.705425
48  0.706191
49  0.707186
50  0.706164
51  0.705734
52  0.706214
53  0.706891
54  0.704709
55  0.704705
56  0.706138
57  0.706884
58  0.703521
59  0.704418
60  0.704403
61  0.703218
62  0.706826
63  0.705269
64  0.70499
65  0.705722
66  0.707817
67  0.707679
68  0.704858
69  0.705172
70  0.704802
71  0.705338
72  0.705073
73  0.705833
74  0.706209
75  0.706463
76  0.705703
77  0.707008
78  0.706161
79  0.70668
80  0.705733
81  0.705852
82  0.705032
83  0.70484
84  0.706805
85  0.707314
86  0.708745
87  0.707127
88  0.708088
89  0.705616
90  0.706686
91  0.706037
92  0.709386
93  0.706773
94  0.707751
95  0.704062
96  0.706021
97  0.706612
98  0.706561
99  0.706591
100  0.706151
101  0.705177
102  0.706956
103  0.706461
104  0.706241
105  0.7062
106  0.706595
107  0.705956
108  0.706026
109  0.705225
110  0.703609
111  0.704958
112  0.705954
113  0.705773
114  0.706202
115  0.70684
116  0.7077
117  0.706714
118  0.705725
119  0.705197
120  0.705103
121  0.705137
122  0.704623
123  0.706879
124  0.70753
125  0.706891
126  0.704262
127  0.705199
128  0.705757
129  0.70725
130  0.707274
131  0.706701
132  0.705978
133  0.705867
134  0.705971
135  0.705266
136  0.70747
137  0.705902
138  0.706601
139  0.706913
140  0.705488
141  0.705313
142  0.706218
143  0.705857
144  0.704463
145  0.705431
146  0.705954
147  0.707044
148  0.706545
149  0.705921
150  0.706429
151  0.709446
152  0.70621
153  0.706658
154  0.707516
155  0.705828
156  0.706019
157  0.708687
158  0.706383
159  0.707518
160  0.70653
161  0.70844
162  0.707371
163  0.707944
164  0.707076
165  0.705206
166  0.706847
167  0.706158
168  0.705654
169  0.706602
170  0.705236
171  0.706187
172  0.705913
173  0.705837
174  0.705545
175  0.70596
176  0.703846
177  0.706057
178  0.705597
179  0.705435
180  0.707705
181  0.706339
182  0.705291
183  0.705573
184  0.705367
185  0.702736
186  0.707293
187  0.707591
188  0.706792
189  0.706027
190  0.704699
191  0.705668
192  0.706327
193  0.705428
194  0.705566
195  0.705823
196  0.70849
197  0.706875
198  0.705594
199  0.705934
200  0.706331
1  0.390573
2  0.338254
3  0.314236
4  0.303649
5  0.298041
6  0.296115
7  0.294407
8  0.293912
9  0.293536
10  0.29258
11  0.292256
12  0.293473
13  0.294119
14  0.293764
15  0.291904
16  0.29363
17  0.295885
18  0.294459
19  0.293806
20  0.295003
21  0.294673
22  0.293226
23  0.295215
24  0.293444
25  0.294184
26  0.294224
27  0.294658
28  0.293358
29  0.296867
30  0.29282
31  0.294717
32  0.293386
33  0.2962
34  0.293025
35  0.292903
36  0.294157
37  0.296875
38  0.294481
39  0.296727
40  0.295725
41  0.296382
42  0.295959
43  0.296026
44  0.293905
45  0.292235
46  0.293646
47  0.294575
48  0.293809
49  0.292814
50  0.293836
51  0.294266
52  0.293786
53  0.293109
54  0.295291
55  0.295295
56  0.293862
57  0.293116
58  0.296479
59  0.295582
60  0.295597
61  0.296782
62  0.293174
63  0.294731
64  0.29501
65  0.294278
66  0.292183
67  0.292321
68  0.295142
69  0.294828
70  0.295198
71  0.294662
72  0.294927
73  0.294167
74  0.293791
75  0.293537
76  0.294297
77  0.292992
78  0.293839
79  0.29332
80  0.294267
81  0.294148
82  0.294968
83  0.29516
84  0.293195
85  0.292686
86  0.291255
87  0.292873
88  0.291912
89  0.294384
90  0.293314
91  0.293963
92  0.290614
93  0.293227
94  0.292249
95  0.295938
96  0.293979
97  0.293388
98  0.293439
99  0.293409
100  0.293849
101  0.294823
102  0.293044
103  0.293539
104  0.293759
105  0.2938
106  0.293405
107  0.294044
108  0.293974
109  0.294775
110  0.296391
111  0.295042
112  0.294046
113  0.294227
114  0.293798
115  0.29316
116  0.2923
117  0.293286
118  0.294275
119  0.294803
120  0.294897
121  0.294863
122  0.295377
123  0.293121
124  0.29247
125  0.293109
126  0.295738
127  0.294801
128  0.294243
129  0.29275
130  0.292726
131  0.293299
132  0.294022
133  0.294133
134  0.294029
135  0.294734
136  0.29253
137  0.294098
138  0.293399
139  0.293087
140  0.294512
141  0.294687
142  0.293782
143  0.294143
144  0.295537
145  0.294569
146  0.294046
147  0.292956
148  0.293455
149  0.294079
150  0.293571
151  0.290554
152  0.29379
153  0.293342
154  0.292484
155  0.294172
156  0.293981
157  0.291313
158  0.293617
159  0.292482
160  0.29347
161  0.29156
162  0.292629
163  0.292056
164  0.292924
165  0.294794
166  0.293153
167  0.293842
168  0.294346
169  0.293398
170  0.294764
171  0.293813
172  0.294087
173  0.294163
174  0.294455
175  0.29404
176  0.296154
177  0.293943
178  0.294403
179  0.294565
180  0.292295
181  0.293661
182  0.294709
183  0.294427
184  0.294633
185  0.297264
186  0.292707
187  0.292409
188  0.293208
189  0.293973
190  0.295301
191  0.294332
192  0.293673
193  0.294572
194  0.294434
195  0.294177
196  0.29151
197  0.293125
198  0.294406
199  0.294066
200  0.293669
1  0.559667
2  0.585657
3  0.595578
4  0.60087
5  0.603861
6  0.606866
7  0.605511
8  0.602469
9  0.602133
10  0.602171
11  0.602398
12  0.601628
13  0.602016
14  0.602176
15  0.603414
16  0.604109
17  0.603806
18  0.604409
19  0.604826
20  0.605091
21  0.603485
22  0.604485
23  0.601001
24  0.602852
25  0.602363
26  0.604072
27  0.604825
28  0.604391
29  0.604946
30  0.604728
31  0.604113
32  0.602613
33  0.60576
34  0.604356
35  0.604268
36  0.603433
37  0.6038
38  0.603903
39  0.60327
40  0.602781
41  0.604297
42  0.606709
43  0.606405
44  0.601958
45  0.601745
46  0.604335
47  0.604699
48  0.60299
49  0.60308
50  0.601778
51  0.604109
52  0.604301
53  0.603166
54  0.600687
55  0.601688
56  0.602789
57  0.604799
58  0.603843
59  0.604788
60  0.602369
61  0.603732
62  0.603939
63  0.603571
64  0.604662
65  0.603563
66  0.603116
67  0.602136
68  0.60309
69  0.603552
70  0.604215
71  0.604958
72  0.604858
73  0.60565
74  0.607255
75  0.606305
76  0.604414
77  0.604201
78  0.604556
79  0.604688
80  0.60328
81  0.603647
82  0.603628
83  0.603801
84  0.6036
85  0.603235
86  0.604299
87  0.606147
88  0.60554
89  0.603261
90  0.603439
91  0.603494
92  0.603779
93  0.603648
94  0.603968
95  0.6051
96  0.603571
97  0.603846
98  0.602406
99  0.602282
100  0.604934
101  0.604637
102  0.604222
103  0.60374
104  0.603777
105  0.602559
106  0.603813
107  0.604706
108  0.605872
109  0.606409
110  0.606192
111  0.607762
112  0.604722
113  0.603788
114  0.605332
115  0.604479
116  0.603693
117  0.602531
118  0.6024
119  0.603686
120  0.605169
121  0.60204
122  0.602683
123  0.603317
124  0.605593
125  0.603573
126  0.604527
127  0.603134
128  0.605063
129  0.602489
130  0.603239
131  0.603609
132  0.601747
133  0.601931
134  0.603235
135  0.60507
136  0.603523
137  0.602658
138  0.602415
139  0.601609
140  0.604367
141  0.602593
142  0.603892
143  0.605807
144  0.605402
145  0.604023
146  0.605356
147  0.60349
148  0.604641
149  0.605486
150  0.606374
151  0.605831
152  0.603548
153  0.605521
154  0.604609
155  0.603023
156  0.602717
157  0.602494
158  0.602052
159  0.604425
160  0.601852
161  0.604387
162  0.604413
163  0.603066
164  0.605239
165  0.60295
166  0.604675
167  0.605058
168  0.604953
169  0.60453
170  0.603257
171  0.603709
172  0.604387
173  0.604523
174  0.602289
175  0.604405
176  0.603357
177  0.605488
178  0.604833
179  0.604311
180  0.603281
181  0.603243
182  0.602953
183  0.602337
184  0.602541
185  0.603968
186  0.604683
187  0.603793
188  0.605787
189  0.606688
190  0.604093
191  0.603108
192  0.605019
193  0.604018
194  0.602499
195  0.603313
196  0.603239
197  0.602962
198  0.605572
199  0.604829
200  0.605149
1  0.440333
2  0.414343
3  0.404422
4  0.39913
5  0.396139
6  0.393134
7  0.394489
8  0.397531
9  0.397867
10  0.397829
11  0.397602
12  0.398372
13  0.397984
14  0.397824
15  0.396586
16  0.395891
17  0.396194
18  0.395591
19  0.395174
20  0.394909
21  0.396515
22  0.395515
23  0.398999
24  0.397148
25  0.397637
26  0.395928
27  0.395175
28  0.395609
29  0.395054
30  0.395272
31  0.395887
32  0.397387
33  0.39424
34  0.395644
35  0.395732
36  0.396567
37  0.3962
38  0.396097
39  0.39673
40  0.397219
41  0.395703
42  0.393291
43  0.393595
44  0.398042
45  0.398255
46  0.395665
47  0.395301
48  0.39701
49  0.39692
50  0.398222
51  0.395891
52  0.395699
53  0.396834
54  0.399313
55  0.398312
56  0.397211
57  0.395201
58  0.396157
59  0.395212
60  0.397631
61  0.396268
62  0.396061
63  0.396429
64  0.395338
65  0.396437
66  0.396884
67  0.397864
68  0.39691
69  0.396448
70  0.395785
71  0.395042
72  0.395142
73  0.39435
74  0.392745
75  0.393695
76  0.395586
77  0.395799
78  0.395444
79  0.395312
80  0.39672
81  0.396353
82  0.396372
83  0.396199
84  0.3964
85  0.396765
86  0.395701
87  0.393853
88  0.39446
89  0.396739
90  0.396561
91  0.396506
92  0.396221
93  0.396352
94  0.396032
95  0.3949
96  0.396429
97  0.396154
98  0.397594
99  0.397718
100  0.395066
101  0.395363
102  0.395778
103  0.39626
104  0.396223
105  0.397441
106  0.396187
107  0.395294
108  0.394128
109  0.393591
110  0.393808
111  0.392238
112  0.395278
113  0.396212
114  0.394668
115  0.395521
116  0.396307
117  0.397469
118  0.3976
119  0.396314
120  0.394831
121  0.39796
122  0.397317
123  0.396683
124  0.394407
125  0.396427
126  0.395473
127  0.396866
128  0.394937
129  0.397511
130  0.396761
131  0.396391
132  0.398253
133  0.398069
134  0.396765
135  0.39493
136  0.396477
137  0.397342
138  0.397585
139  0.398391
140  0.395633
141  0.397407
142  0.396108
143  0.394193
144  0.394598
145  0.395977
146  0.394644
147  0.39651
148  0.395359
149  0.394514
150  0.393626
151  0.394169
152  0.396452
153  0.394479
154  0.395391
155  0.396977
156  0.397283
157  0.397506
158  0.397948
159  0.395575
160  0.398148
161  0.395613
162  0.395587
163  0.396934
164  0.394761
165  0.39705
166  0.395325
167  0.394942
168  0.395047
169  0.39547
170  0.396743
171  0.396291
172  0.395613
173  0.395477
174  0.397711
175  0.395595
176  0.396643
177  0.394512
178  0.395167
179  0.395689
180  0.396719
181  0.396757
182  0.397047
183  0.397663
184  0.397459
185  0.396032
186  0.395317
187  0.396207
188  0.394213
189  0.393312
190  0.395907
191  0.396892
192  0.394981
193  0.395982
194  0.397501
195  0.396687
196  0.396761
197  0.397038
198  0.394428
199  0.395171
200  0.394851
1  0.853743
2  0.906891
3  0.930988
4  0.941439
5  0.945904
6  0.945743
7  0.947158
8  0.945775
9  0.945087
10  0.945502
11  0.943707
12  0.945105
13  0.946219
14  0.946561
15  0.943555
16  0.944686
17  0.946299
18  0.946356
19  0.945975
20  0.946575
21  0.945524
22  0.946188
23  0.944793
24  0.945813
25  0.945067
26  0.944716
27  0.945883
28  0.946238
29  0.946086
30  0.94583
31  0.946262
32  0.945214
33  0.945317
34  0.945247
35  0.946457
36  0.946253
37  0.947126
38  0.946092
39  0.945856
40  0.946369
41  0.946293
42  0.946728
43  0.945977
44  0.945091
45  0.945829
46  0.945985
47  0.945283
48  0.945865
49  0.946782
50  0.946666
51  0.945955
52  0.946926
53  0.94655
54  0.946043
55  0.946581
56  0.944944
57  0.944975
58  0.946426
59  0.947372
60  0.945922
61  0.946311
62  0.945811
63  0.94659
64  0.946273
65  0.946234
66  0.945962
67  0.945994
68  0.945417
69  0.94658
70  0.945027
71  0.947381
72  0.945864
73  0.945197
74  0.944586
75  0.944705
76  0.9429
77  0.944266
78  0.945444
79  0.944529
80  0.944871
81  0.944996
82  0.945266
83  0.94617
84  0.946118
85  0.944961
86  0.944996
87  0.944672
88  0.944814
89  0.946235
90  0.945987
91  0.946937
92  0.946074
93  0.947506
94  0.946611
95  0.946097
96  0.946719
97  0.947284
98  0.945853
99  0.944915
100  0.945733
101  0.945835
102  0.946727
103  0.946973
104  0.947456
105  0.945985
106  0.944145
107  0.944773
108  0.94591
109  0.946098
110  0.94592
111  0.946388
112  0.947262
113  0.946375
114  0.947878
115  0.94705
116  0.945209
117  0.947249
118  0.946685
119  0.946532
120  0.947388
121  0.947525
122  0.948727
123  0.945957
124  0.948511
125  0.947781
126  0.947003
127  0.947128
128  0.946107
129  0.944366
130  0.946253
131  0.944778
132  0.944983
133  0.944323
134  0.946249
135  0.946382
136  0.945167
137  0.945593
138  0.94611
139  0.946259
140  0.946127
141  0.94716
142  0.945843
143  0.945697
144  0.945848
145  0.947119
146  0.947545
147  0.946284
148  0.944279
149  0.944438
150  0.946772
151  0.946083
152  0.945107
153  0.945333
154  0.945927
155  0.945412
156  0.944873
157  0.946058
158  0.946212
159  0.945445
160  0.946061
161  0.945129
162  0.946429
163  0.94625
164  0.945944
165  0.946558
166  0.946546
167  0.946236
168  0.946762
169  0.947763
170  0.947446
171  0.947634
172  0.947544
173  0.945927
174  0.946422
175  0.948035
176  0.948818
177  0.946286
178  0.945118
179  0.946346
180  0.945987
181  0.946757
182  0.944376
183  0.944957
184  0.943988
185  0.945842
186  0.946353
187  0.947737
188  0.947621
189  0.946496
190  0.945042
191  0.946143
192  0.945423
193  0.944323
194  0.945695
195  0.945383
196  0.945569
197  0.945224
198  0.945488
199  0.946748
200  0.945406
1  0.528368
2  0.377418
3  0.282706
4  0.230691
5  0.209244
6  0.197296
7  0.194915
8  0.189247
9  0.18947
10  0.188645
11  0.189241
12  0.189045
13  0.190073
14  0.188908
15  0.193114
16  0.190154
17  0.192895
18  0.193893
19  0.190431
20  0.193904
21  0.194396
22  0.193402
23  0.199408
24  0.199251
25  0.193775
26  0.190675
27  0.193046
28  0.195937
29  0.194903
30  0.192674
31  0.193204
32  0.19131
33  0.192091
34  0.192773
35  0.198703
36  0.192961
37  0.193399
38  0.192939
39  0.19198
40  0.19364
41  0.189858
42  0.192908
43  0.194483
44  0.198094
45  0.195281
46  0.193016
47  0.195439
48  0.190434
49  0.192928
50  0.190671
51  0.188014
52  0.191191
53  0.193325
54  0.186979
55  0.189777
56  0.189889
57  0.187809
58  0.193248
59  0.192058
60  0.195363
61  0.194753
62  0.191161
63  0.195442
64  0.195072
65  0.193574
66  0.190826
67  0.194738
68  0.189551
69  0.193001
70  0.197476
71  0.196018
72  0.196714
73  0.194975
74  0.193932
75  0.191653
76  0.193911
77  0.193746
78  0.191603
79  0.190366
80  0.192196
81  0.19366
82  0.192389
83  0.193452
84  0.193071
85  0.191007
86  0.19345
87  0.19009
88  0.187931
89  0.190594
90  0.188786
91  0.18885
92  0.192886
93  0.190896
94  0.195209
95  0.190424
96  0.188918
97  0.188012
98  0.189792
99  0.190371
100  0.188389
101  0.188439
102  0.189848
103  0.184496
104  0.187738
105  0.18737
106  0.191969
107  0.18953
108  0.192022
109  0.189883
110  0.191778
111  0.188366
112  0.188897
113  0.189929
114  0.19247
115  0.184767
116  0.190082
117  0.188122
118  0.184364
119  0.190629
120  0.189659
121  0.19382
122  0.190466
123  0.191126
124  0.187043
125  0.191682
126  0.190995
127  0.187688
128  0.189679
129  0.189913
130  0.193939
131  0.190958
132  0.192985
133  0.193051
134  0.190923
135  0.188877
136  0.189862
137  0.19091
138  0.19666
139  0.192126
140  0.189988
141  0.195383
142  0.192683
143  0.189294
144  0.18967
145  0.189895
146  0.193233
147  0.191404
148  0.194334
149  0.189317
150  0.186909
151  0.190191
152  0.188781
153  0.192209
154  0.191264
155  0.188629
156  0.185025
157  0.189203
158  0.188416
159  0.188257
160  0.19055
161  0.188448
162  0.188435
163  0.191825
164  0.192057
165  0.193139
166  0.189873
167  0.191469
168  0.19231
169  0.187215
170  0.187349
171  0.189138
172  0.190199
173  0.190191
174  0.188705
175  0.191616
176  0.189832
177  0.187642
178  0.194037
179  0.190996
180  0.194271
181  0.193254
182  0.193782
183  0.189555
184  0.191826
185  0.191049
186  0.19106
187  0.188497
188  0.19149
189  0.191911
190  0.192328
191  0.191471
192  0.19348
193  0.193172
194  0.19634
195  0.192119
196  0.19328
197  0.188932
198  0.18988
199  0.195902
200  0.19498
1  0.146257
2  0.0931088
3  0.0690116
4  0.0585613
5  0.0540962
6  0.0542565
7  0.0528419
8  0.0542252
9  0.0549135
10  0.0544975
11  0.0562925
12  0.0548953
13  0.0537809
14  0.0534393
15  0.0564445
16  0.055314
17  0.053701
18  0.0536439
19  0.0540252
20  0.0534247
21  0.0544759
22  0.0538116
23  0.0552075
24  0.0541868
25  0.0549332
26  0.0552838
27  0.0541168
28  0.053762
29  0.0539143
30  0.0541697
31  0.0537383
32  0.0547862
33  0.0546834
34  0.0547532
35  0.053543
36  0.0537466
37  0.0528739
38  0.0539084
39  0.0541441
40  0.0536305
41  0.0537068
42  0.0532719
43  0.0540234
44  0.0549087
45  0.0541714
46  0.0540155
47  0.0547173
48  0.0541354
49  0.0532179
50  0.0533337
51  0.0540445
52  0.0530743
53  0.0534504
54  0.0539573
55  0.0534195
56  0.0550555
57  0.055025
58  0.0535737
59  0.0526275
60  0.054078
61  0.0536892
62  0.0541889
63  0.05341
64  0.0537274
65  0.0537664
66  0.0540377
67  0.0540061
68  0.0545831
69  0.0534197
70  0.0549731
71  0.0526195
72  0.0541361
73  0.0548033
74  0.0554135
75  0.0552953
76  0.0571003
77  0.0557343
78  0.0545563
79  0.0554709
80  0.0551286
81  0.0550038
82  0.0547338
83  0.0538298
84  0.0538816
85  0.0550395
86  0.0550042
87  0.0553279
88  0.0551862
89  0.0537648
90  0.0540129
91  0.0530633
92  0.0539257
93  0.0524941
94  0.0533888
95  0.0539035
96  0.0532813
97  0.0527159
98  0.0541469
99  0.0550852
100  0.0542669
101  0.0541651
102  0.0532735
103  0.0530267
104  0.0525438
105  0.0540146
106  0.0558552
107  0.0552268
108  0.0540899
109  0.0539016
110  0.0540801
111  0.0536121
112  0.0527379
113  0.0536249
114  0.0521216
115  0.0529497
116  0.0547914
117  0.0527509
118  0.0533146
119  0.0534675
120  0.0526123
121  0.0524753
122  0.0512733
123  0.0540427
124  0.0514885
125  0.0522191
126  0.0529972
127  0.0528723
128  0.0538932
129  0.0556342
130  0.053747
131  0.0552218
132  0.055017
133  0.0556773
134  0.0537509
135  0.0536182
136  0.0548326
137  0.0544068
138  0.0538898
139  0.0537414
140  0.0538731
141  0.0528405
142  0.0541575
143  0.0543033
144  0.054152
145  0.0528806
146  0.0524551
147  0.0537162
148  0.055721
149  0.0555617
150  0.0532282
151  0.0539169
152  0.054893
153  0.0546669
154  0.0540725
155  0.0545876
156  0.0551269
157  0.0539421
158  0.0537876
159  0.0545553
160  0.0539395
161  0.054871
162  0.0535714
163  0.0537495
164  0.0540565
165  0.0534422
166  0.0534543
167  0.0537642
168  0.053238
169  0.0522374
170  0.0525544
171  0.0523659
172  0.0524561
173  0.0540727
174  0.0535783
175  0.0519649
176  0.0511821
177  0.0537138
178  0.0548818
179  0.0536536
180  0.0540128
181  0.0532435
182  0.0556239
183  0.055043
184  0.0560122
185  0.0541581
186  0.0536474
187  0.0522626
188  0.0523791
189  0.0535039
190  0.0549582
191  0.0538567
192  0.0545773
193  0.0556771
194  0.0543052
195  0.0546173
196  0.0544308
197  0.054776
198  0.0545125
199  0.0532518
200  0.0545936
1  0.471632
2  0.622582
3  0.717294
4  0.769309
5  0.790756
6  0.802704
7  0.805085
8  0.810753
9  0.81053
10  0.811355
11  0.810759
12  0.810955
13  0.809927
14  0.811092
15  0.806886
16  0.809846
17  0.807105
18  0.806107
19  0.809569
20  0.806096
21  0.805604
22  0.806598
23  0.800592
24  0.800749
25  0.806225
26  0.809325
27  0.806954
28  0.804063
29  0.805097
30  0.807326
31  0.806796
32  0.80869
33  0.807909
34  0.807227
35  0.801297
36  0.807039
37  0.806601
38  0.807061
39  0.80802
40  0.80636
41  0.810142
42  0.807092
43  0.805517
44  0.801906
45  0.804719
46  0.806984
47  0.804561
48  0.809566
49  0.807072
50  0.809329
51  0.811986
52  0.808809
53  0.806675
54  0.813021
55  0.810223
56  0.810111
57  0.812191
58  0.806752
59  0.807942
60  0.804637
61  0.805247
62  0.808839
63  0.804558
64  0.804928
65  0.806426
66  0.809174
67  0.805262
68  0.810449
69  0.806999
70  0.802524
71  0.803982
72  0.803286
73  0.805025
74  0.806068
75  0.808347
76  0.806089
77  0.806254
78  0.808397
79  0.809634
80  0.807804
81  0.80634
82  0.807611
83  0.806548
84  0.806929
85  0.808993
86  0.80655
87  0.80991
88  0.812069
89  0.809406
90  0.811214
91  0.81115
92  0.807114
93  0.809104
94  0.804791
95  0.809576
96  0.811082
97  0.811988
98  0.810208
99  0.809629
100  0.811611
101  0.811561
102  0.810152
103  0.815504
104  0.812262
105  0.81263
106  0.808031
107  0.81047
108  0.807978
109  0.810117
110  0.808222
111  0.811634
112  0.811103
113  0.810071
114  0.80753
115  0.815233
116  0.809918
117  0.811878
118  0.815636
119  0.809371
120  0.810341
121  0.80618
122  0.809534
123  0.808874
124  0.812957
125  0.808318
126  0.809005
127  0.812312
128  0.810321
129  0.810087
130  0.806061
131  0.809042
132  0.807015
133  0.806949
134  0.809077
135  0.811123
136  0.810138
137  0.80909
138  0.80334
139  0.807874
140  0.810012
141  0.804617
142  0.807317
143  0.810706
144  0.81033
145  0.810105
146  0.806767
147  0.808596
148  0.805666
149  0.810683
150  0.813091
151  0.809809
152  0.811219
153  0.807791
154  0.808736
155  0.811371
156  0.814975
157  0.810797
158  0.811584
159  0.811743
160  0.80945
161  0.811552
162  0.811565
163  0.808175
164  0.807943
165  0.806861
166  0.810127
167  0.808531
168  0.80769
169  0.812785
170  0.812651
171  0.810862
172  0.809801
173  0.809809
174  0.811295
175  0.808384
176  0.810168
177  0.812358
178  0.805963
179  0.809004
180  0.805729
181  0.806746
182  0.806218
183  0.810445
184  0.808174
185  0.808951
186  0.80894
187  0.811503
188  0.80851
189  0.808089
190  0.807672
191  0.808529
192  0.80652
193  0.806828
194  0.80366
195  0.807881
196  0.80672
197  0.811068
198  0.81012
199  0.804098
200  0.80502
1  0.323403
2  0.307685
3  0.300355
4  0.294906
5  0.29517
6  0.294349
7  0.295812
8  0.297586
9  0.297207
10  0.297214
11  0.295867
12  0.296105
13  0.298595
14  0.295847
15  0.299437
16  0.299569
17  0.300237
18  0.298123
19  0.297441
20  0.293812
21  0.296889
22  0.297198
23  0.296678
24  0.295114
25  0.296783
26  0.295833
27  0.295521
28  0.294613
29  0.294487
30  0.294218
31  0.297142
32  0.298621
33  0.29981
34  0.297652
35  0.300447
36  0.299263
37  0.299235
38  0.298957
39  0.297826
40  0.294855
41  0.295984
42  0.294716
43  0.29486
44  0.297225
45  0.294202
46  0.298143
47  0.296044
48  0.298001
49  0.29485
50  0.295851
51  0.294637
52  0.293549
53  0.29588
54  0.299535
55  0.298347
56  0.299523
57  0.301801
58  0.301813
59  0.299389
60  0.297101
61  0.300033
62  0.296829
63  0.298529
64  0.296024
65  0.297587
66  0.297853
67  0.296263
68  0.298422
69  0.299198
70  0.296691
71  0.2951
72  0.293461
73  0.296536
74  0.295589
75  0.29362
76  0.296641
77  0.29338
78  0.293703
79  0.295718
80  0.294586
81  0.295654
82  0.297509
83  0.295898
84  0.294712
85  0.295939
86  0.301495
87  0.301914
88  0.298963
89  0.299414
90  0.301213
91  0.298866
92  0.299173
93  0.298112
94  0.297494
95  0.296899
96  0.296692
97  0.29769
98  0.299168
99  0.299613
100  0.2968
101  0.297646
102  0.296823
103  0.293436
104  0.299276
105  0.302353
106  0.296122
107  0.297961
108  0.295156
109  0.293753
110  0.296427
111  0.293421
112  0.295968
113  0.294725
114  0.297186
115  0.297671
116  0.301039
117  0.300693
118  0.297972
119  0.296047
120  0.297915
121  0.296321
122  0.297376
123  0.298078
124  0.298783
125  0.298635
126  0.295789
127  0.298021
128  0.297251
129  0.295632
130  0.294917
131  0.295184
132  0.295823
133  0.293235
134  0.297066
135  0.295399
136  0.295889
137  0.296004
138  0.295742
139  0.293432
140  0.296048
141  0.295325
142  0.292484
143  0.295414
144  0.295883
145  0.295204
146  0.292464
147  0.297803
148  0.298294
149  0.297616
150  0.296365
151  0.29675
152  0.296692
153  0.299544
154  0.297149
155  0.296737
156  0.296547
157  0.296604
158  0.297695
159  0.295869
160  0.302544
161  0.299923
162  0.297858
163  0.297879
164  0.298645
165  0.297239
166  0.296104
167  0.296949
168  0.295719
169  0.295929
170  0.29553
171  0.296912
172  0.296866
173  0.298166
174  0.295076
175  0.300475
176  0.297018
177  0.295349
178  0.29812
179  0.294555
180  0.29984
181  0.295872
182  0.293733
183  0.297323
184  0.296682
185  0.29249
186  0.290519
187  0.29552
188  0.294819
189  0.295511
190  0.298251
191  0.295555
192  0.297108
193  0.29469
194  0.291129
195  0.29313
196  0.296503
197  0.292942
198  0.294095
199  0.2982
200  0.293827
1  0.489031
2  0.6346
3  0.737326
4  0.793554
5  0.827604
6  0.848686
7  0.859541
8  0.872002
9  0.877714
10  0.881826
11  0.885673
12  0.884956
13  0.887818
14  0.891488
15  0.895813
16  0.892168
17  0.89201
18  0.893131
19  0.891374
20  0.894229
21  0.892481
22  0.892008
23  0.889533
24  0.888948
25  0.892387
26  0.889657
27  0.888223
28  0.892864
29  0.893982
30  0.891321
31  0.890488
32  0.890684
33  0.891957
34  0.891084
35  0.891996
36  0.889991
37  0.889898
38  0.890594
39  0.889059
40  0.887577
41  0.890311
42  0.894085
43  0.890124
44  0.894249
45  0.891652
46  0.88939
47  0.891088
48  0.892374
49  0.886877
50  0.886302
51  0.888395
52  0.888098
53  0.889689
54  0.887868
55  0.888648
56  0.888288
57  0.884236
58  0.887758
59  0.893341
60  0.895941
61  0.890294
62  0.888206
63  0.887303
64  0.887401
65  0.888023
66  0.889657
67  0.888952
68  0.891918
69  0.891223
70  0.891596
71  0.890908
72  0.890315
73  0.891758
74  0.886137
75  0.891369
76  0.891211
77  0.893554
78  0.892629
79  0.893415
80  0.893128
81  0.889819
82  0.891402
83  0.891166
84  0.88906
85  0.887008
86  0.887739
87  0.889856
88  0.891968
89  0.893081
90  0.892225
91  0.890141
92  0.894436
93  0.898224
94  0.894079
95  0.894375
96  0.89443
97  0.895396
98  0.896839
99  0.892227
100  0.890711
101  0.893495
102  0.891287
103  0.891053
104  0.890054
105  0.889999
106  0.895759
107  0.893692
108  0.89752
109  0.898208
110  0.890459
111  0.891438
112  0.888903
113  0.889206
114  0.888916
115  0.893518
116  0.894463
117  0.890005
118  0.88959
119  0.889604
120  0.886177
121  0.888935
122  0.889734
123  0.885984
124  0.887636
125  0.88616
126  0.88934
127  0.891353
128  0.894322
129  0.898899
130  0.895541
131  0.897885
132  0.897329
133  0.898002
134  0.892137
135  0.892489
136  0.89792
137  0.896751
138  0.89964
139  0.897496
140  0.89354
141  0.894739
142  0.894569
143  0.892202
144  0.892869
145  0.893974
146  0.894888
147  0.895229
148  0.896336
149  0.89644
150  0.897043
151  0.895999
152  0.8951
153  0.891802
154  0.89123
155  0.890287
156  0.892369
157  0.890903
158  0.889385
159  0.887907
160  0.888986
161  0.885792
162  0.884197
163  0.890196
164  0.890796
165  0.887679
166  0.888378
167  0.892873
168  0.892305
169  0.892452
170  0.888469
171  0.888896
172  0.888941
173  0.889215
174  0.890529
175  0.892605
176  0.889884
177  0.890125
178  0.887829
179  0.88859
180  0.889955
181  0.894245
182  0.893297
183  0.890487
184  0.891374
185  0.895584
186  0.897245
187  0.897808
188  0.895702
189  0.89721
190  0.898839
191  0.89853
192  0.89745
193  0.898083
194  0.897937
195  0.8963
196  0.896225
197  0.896517
198  0.897296
199  0.895671
200  0.894359
1  0.242758
2  0.166206
3  0.114927
4  0.0896549
5  0.0734323
6  0.0638915
7  0.0589006
8  0.0531162
9  0.055234
10  0.0543315
11  0.0509789
12  0.0502831
13  0.0514382
14  0.0538954
15  0.054274
16  0.0512913
17  0.0539655
18  0.0508963
19  0.0512274
20  0.0509736
21  0.051136
22  0.0505706
23  0.0506188
24  0.0524138
25  0.0523361
26  0.0539882
27  0.0511225
28  0.0504955
29  0.0507436
30  0.0488918
31  0.0480589
32  0.0486866
33  0.0483516
34  0.0503313
35  0.0521136
36  0.0490573
37  0.0490343
38  0.0472054
39  0.0489854
40  0.0504288
41  0.0494923
42  0.0511328
43  0.0531967
44  0.0515112
45  0.0516232
46  0.0516906
47  0.0520157
48  0.0523143
49  0.0522571
50  0.0539478
51  0.0520435
52  0.0512143
53  0.0504949
54  0.0537809
55  0.0533611
56  0.0520906
57  0.0516034
58  0.0468532
59  0.0470935
60  0.0454654
61  0.046026
62  0.0485891
63  0.0478867
64  0.0493265
65  0.0479813
66  0.0498405
67  0.0519896
68  0.0529664
69  0.0524411
70  0.0542077
71  0.0560543
72  0.05497
73  0.0522942
74  0.0521038
75  0.0526558
76  0.0532991
77  0.0531309
78  0.0526133
79  0.0568497
80  0.0542141
81  0.0541636
82  0.0541066
83  0.0525687
84  0.0535986
85  0.0540102
86  0.0527942
87  0.0508983
88  0.0495475
89  0.0502453
90  0.0493969
91  0.0499715
92  0.0499312
93  0.0489659
94  0.0484394
95  0.0496672
96  0.04872
97  0.0496645
98  0.0506702
99  0.051929
100  0.0508823
101  0.0519743
102  0.0502456
103  0.0516531
104  0.0537457
105  0.053997
106  0.055174
107  0.0538474
108  0.0528617
109  0.0527452
110  0.0538308
111  0.0499981
112  0.0496631
113  0.0491787
114  0.0488298
115  0.0485584
116  0.0472357
117  0.0483833
118  0.0486034
119  0.0510811
120  0.0507404
121  0.0517481
122  0.051231
123  0.0528585
124  0.0511175
125  0.0508691
126  0.0480766
127  0.0508061
128  0.0496832
129  0.0490519
130  0.0494608
131  0.0509804
132  0.0510094
133  0.0531334
134  0.0520255
135  0.0497145
136  0.0506859
137  0.0518856
138  0.052367
139  0.0508536
140  0.0516459
141  0.0522107
142  0.0511672
143  0.0512727
144  0.0502235
145  0.0506309
146  0.0506525
147  0.0517433
148  0.0516146
149  0.0506376
150  0.0502379
151  0.0507485
152  0.0473907
153  0.0469386
154  0.0488748
155  0.0477546
156  0.0495357
157  0.0513238
158  0.050606
159  0.0487306
160  0.0491345
161  0.0493718
162  0.0481277
163  0.0473869
164  0.0483988
165  0.048283
166  0.050141
167  0.0488644
168  0.0499812
169  0.0495261
170  0.0509434
171  0.0498087
172  0.0494685
173  0.0518334
174  0.050992
175  0.0522925
176  0.0530456
177  0.0507961
178  0.0505398
179  0.0511056
180  0.0519953
181  0.0526649
182  0.0512608
183  0.0511029
184  0.0518942
185  0.0529138
186  0.0557166
187  0.0532417
188  0.0536766
189  0.0524363
190  0.0512766
191  0.0516809
192  0.0498997
193  0.0499889
194  0.0499054
195  0.051831
196  0.0503123
197  0.0499375
198  0.0493418
199  0.0488515
200  0.047639
1  0.383608
2  0.449154
3  0.492228
4  0.515968
5  0.519389
6  0.525307
7  0.521374
8  0.517886
9  0.511189
10  0.508631
11  0.509607
12  0.503619
13  0.495921
14  0.50185
15  0.499393
16  0.492244
17  0.492626
18  0.48759
19  0.497815
20  0.500075
21  0.501471
22  0.497831
23  0.492892
24  0.498096
25  0.49495
26  0.493674
27  0.489821
28  0.493358
29  0.499844
30  0.497174
31  0.505369
32  0.499227
33  0.495806
34  0.500017
35  0.500254
36  0.499571
37  0.498872
38  0.501976
39  0.508943
40  0.49483
41  0.493873
42  0.495485
43  0.49043
44  0.48874
45  0.49318
46  0.487122
47  0.487958
48  0.491767
49  0.496921
50  0.499574
51  0.498514
52  0.495617
53  0.494135
54  0.497704
55  0.495328
56  0.496315
57  0.498544
58  0.498679
59  0.493677
60  0.499935
61  0.501609
62  0.501012
63  0.4956
64  0.499565
65  0.505537
66  0.501568
67  0.499757
68  0.501283
69  0.500315
70  0.496616
71  0.493203
72  0.495377
73  0.49751
74  0.494951
75  0.503946
76  0.498707
77  0.490753
78  0.491168
79  0.493772
80  0.495656
81  0.496183
82  0.496005
83  0.495612
84  0.496173
85  0.502408
86  0.500765
87  0.492652
88  0.496427
89  0.496344
90  0.497655
91  0.498612
92  0.498599
93  0.49505
94  0.495853
95  0.496536
96  0.497569
97  0.492554
98  0.49352
99  0.496809
100  0.497441
101  0.496811
102  0.498728
103  0.49069
104  0.489977
105  0.493591
106  0.491524
107  0.487543
108  0.496812
109  0.494283
110  0.489361
111  0.488476
112  0.492359
113  0.50086
114  0.502544
115  0.499352
116  0.496061
117  0.49811
118  0.493613
119  0.499036
120  0.499509
121  0.503355
122  0.49443
123  0.5003
124  0.500506
125  0.496095
126  0.498618
127  0.49278
128  0.489203
129  0.488544
130  0.491197
131  0.489456
132  0.487513
133  0.488479
134  0.494433
135  0.499727
136  0.498938
137  0.494454
138  0.495865
139  0.487976
140  0.486928
141  0.48915
142  0.488225
143  0.487417
144  0.487236
145  0.483198
146  0.484812
147  0.488442
148  0.491534
149  0.493714
150  0.497919
151  0.49772
152  0.499664
153  0.498846
154  0.496965
155  0.48624
156  0.495663
157  0.501065
158  0.502322
159  0.490986
160  0.491325
161  0.498861
162  0.499969
163  0.505782
164  0.494558
165  0.49209
166  0.504873
167  0.507441
168  0.49727
169  0.500573
170  0.504084
171  0.506176
172  0.502567
173  0.495689
174  0.491235
175  0.496523
176  0.491172
177  0.497561
178  0.497914
179  0.502733
180  0.506877
181  0.498839
182  0.501684
183  0.500255
184  0.496223
185  0.485428
186  0.487532
187  0.493529
188  0.493261
189  0.485127
190  0.485427
191  0.49172
192  0.486001
193  0.485338
194  0.491722
195  0.49236
196  0.499298
197  0.499518
198  0.506484
199  0.498862
200  0.501776
1  0.342682
2  0.358357
3  0.374485
4  0.387209
5  0.393341
6  0.399216
7  0.401215
8  0.404475
9  0.403992
10  0.403742
11  0.407791
12  0.405505
13  0.403345
14  0.401567
15  0.399382
16  0.400601
17  0.401043
18  0.402275
19  0.40446
20  0.407023
21  0.405057
22  0.40423
23  0.405056
24  0.405927
25  0.403364
26  0.406737
27  0.405443
28  0.407582
29  0.408728
30  0.409915
31  0.405421
32  0.40361
33  0.402325
34  0.400775
35  0.402946
36  0.405439
37  0.403625
38  0.406719
39  0.402611
40  0.40312
41  0.402476
42  0.404459
43  0.403722
44  0.402733
45  0.408433
46  0.406854
47  0.407479
48  0.405176
49  0.407805
50  0.406312
51  0.405406
52  0.407159
53  0.40719
54  0.401223
55  0.401786
56  0.401858
57  0.400154
58  0.399083
59  0.399717
60  0.397563
61  0.398116
62  0.400892
63  0.398565
64  0.402192
65  0.405509
66  0.405023
67  0.40583
68  0.40452
69  0.404804
70  0.405736
71  0.406435
72  0.405317
73  0.404439
74  0.406192
75  0.404496
76  0.403055
77  0.403659
78  0.40656
79  0.406429
80  0.406032
81  0.406611
82  0.401593
83  0.401622
84  0.401035
85  0.405382
86  0.400288
87  0.395606
88  0.401714
89  0.403755
90  0.398708
91  0.400215
92  0.402885
93  0.403749
94  0.402421
95  0.402453
96  0.403066
97  0.402927
98  0.401029
99  0.401463
100  0.400801
101  0.400696
102  0.405232
103  0.408434
104  0.404084
105  0.400615
106  0.401767
107  0.399702
108  0.405056
109  0.404856
110  0.406398
111  0.410587
112  0.408799
113  0.403082
114  0.401242
115  0.40257
116  0.400588
117  0.401709
118  0.402581
119  0.404113
120  0.40011
121  0.401269
122  0.402648
123  0.400769
124  0.404164
125  0.401824
126  0.405397
127  0.401081
128  0.403125
129  0.402912
130  0.409953
131  0.405199
132  0.404649
133  0.408144
134  0.403278
135  0.404
136  0.402066
137  0.404145
138  0.403363
139  0.405104
140  0.404534
141  0.406545
142  0.406355
143  0.406287
144  0.403401
145  0.405054
146  0.407362
147  0.404766
148  0.403068
149  0.40491
150  0.409112
151  0.404211
152  0.407578
153  0.40729
154  0.409748
155  0.407519
156  0.407892
157  0.403354
158  0.400138
159  0.404589
160  0.401669
161  0.404156
162  0.40208
163  0.401533
164  0.404551
165  0.403222
166  0.403831
167  0.402847
168  0.409426
169  0.409396
170  0.40797
171  0.407621
172  0.406069
173  0.404274
174  0.409121
175  0.405745
176  0.402993
177  0.406268
178  0.403736
179  0.408177
180  0.404405
181  0.405939
182  0.408701
183  0.405958
184  0.40595
185  0.407987
186  0.411467
187  0.408634
188  0.409405
189  0.406342
190  0.404539
191  0.403928
192  0.403702
193  0.405189
194  0.406133
195  0.40242
196  0.404053
197  0.407851
198  0.402249
199  0.398844
200  0.403505
1  0.272821
2  0.21716
3  0.176139
4  0.146809
5  0.128359
6  0.116154
7  0.110847
8  0.100732
9  0.0980303
10  0.095332
11  0.0938764
12  0.0939787
13  0.0909262
14  0.0879789
15  0.0845154
16  0.0858617
17  0.0865482
18  0.0847793
19  0.0881941
20  0.0857413
21  0.0873868
22  0.0880518
23  0.0894002
24  0.0872432
25  0.0843257
26  0.0865234
27  0.086856
28  0.0821255
29  0.0798252
30  0.0828022
31  0.0827729
32  0.0854389
33  0.0848826
34  0.0849144
35  0.0845244
36  0.0870146
37  0.0869422
38  0.0867295
39  0.0894019
40  0.0894655
41  0.0888642
42  0.0849089
43  0.0888021
44  0.0839175
45  0.0859706
46  0.0865445
47  0.0851135
48  0.0855697
49  0.0896833
50  0.089747
51  0.0876145
52  0.0891028
53  0.0889655
54  0.0904472
55  0.0914427
56  0.0912018
57  0.0952016
58  0.0920057
59  0.0864339
60  0.0830841
61  0.0877327
62  0.0897373
63  0.0893056
64  0.0884329
65  0.0890411
66  0.0891038
67  0.0901884
68  0.0878734
69  0.0868319
70  0.0870209
71  0.0873173
72  0.0865305
73  0.085612
74  0.088771
75  0.0851434
76  0.0866547
77  0.0851052
78  0.0851276
79  0.0854666
80  0.0846606
81  0.0874585
82  0.0878685
83  0.0888193
84  0.0893302
85  0.0914608
86  0.0916203
87  0.0915814
88  0.0884184
89  0.0866492
90  0.0869969
91  0.0872883
92  0.0823114
93  0.0792299
94  0.082429
95  0.0842162
96  0.0855212
97  0.0849391
98  0.0818802
99  0.0853153
100  0.0867717
101  0.0851449
102  0.0861615
103  0.0861254
104  0.086854
105  0.0883044
106  0.0826438
107  0.0843952
108  0.0806367
109  0.0807387
110  0.0878257
111  0.08712
112  0.0879943
113  0.0902833
114  0.0906306
115  0.0879255
116  0.0874515
117  0.088676
118  0.0887602
119  0.0888601
120  0.0916401
121  0.0877319
122  0.0881558
123  0.0903272
124  0.0895153
125  0.0904293
126  0.0872272
127  0.0853098
128  0.0830596
129  0.0801974
130  0.0843723
131  0.0811165
132  0.0824214
133  0.0804083
134  0.0863188
135  0.0867055
136  0.0818559
137  0.0827224
138  0.0785626
139  0.0799451
140  0.0851994
141  0.0825935
142  0.0824934
143  0.0859419
144  0.0852107
145  0.082571
146  0.0826124
147  0.0821495
148  0.0806251
149  0.0808232
150  0.0827362
151  0.0815268
152  0.0821589
153  0.0848421
154  0.085521
155  0.0853554
156  0.0855291
157  0.0856331
158  0.0873896
159  0.0892573
160  0.0871367
161  0.0901872
162  0.0915297
163  0.0849027
164  0.0872032
165  0.0901494
166  0.0881361
167  0.0848873
168  0.0868218
169  0.0858588
170  0.0884103
171  0.0880972
172  0.0888391
173  0.0876835
174  0.0870454
175  0.0861964
176  0.0873117
177  0.0867732
178  0.0886824
179  0.0873849
180  0.0862076
181  0.0817704
182  0.0824331
183  0.0840637
184  0.0836611
185  0.0810706
186  0.0811042
187  0.080983
188  0.0849532
189  0.083801
190  0.0834297
191  0.084509
192  0.0862934
193  0.0851713
194  0.0852375
195  0.0850419
196  0.0855779
197  0.084165
198  0.0828548
199  0.0837395
200  0.0834567
1  0.302831
2  0.281142
3  0.26762
4  0.259315
5  0.254705
6  0.253065
7  0.252253
8  0.253208
9  0.252133
10  0.247562
11  0.246555
12  0.248194
13  0.248658
14  0.24794
15  0.245933
16  0.248729
17  0.253405
18  0.252188
19  0.251108
20  0.249426
21  0.248976
22  0.251953
23  0.251275
24  0.250718
25  0.247051
26  0.246181
27  0.249647
28  0.2521
29  0.249796
30  0.246944
31  0.250664
32  0.251566
33  0.251914
34  0.251575
35  0.249279
36  0.249728
37  0.248843
38  0.2488
39  0.248501
40  0.25042
41  0.25284
42  0.249322
43  0.251325
44  0.249644
45  0.248974
46  0.251109
47  0.250093
48  0.248976
49  0.250168
50  0.253238
51  0.249921
52  0.249342
53  0.250558
54  0.25138
55  0.247956
56  0.247049
57  0.249297
58  0.251307
59  0.253779
60  0.253457
61  0.249961
62  0.251696
63  0.249138
64  0.24967
65  0.253045
66  0.252183
67  0.253433
68  0.255062
69  0.25042
70  0.250019
71  0.246292
72  0.246844
73  0.24574
74  0.247019
75  0.251633
76  0.24732
77  0.2471
78  0.246596
79  0.245672
80  0.244839
81  0.246511
82  0.246926
83  0.247671
84  0.245696
85  0.250608
86  0.252059
87  0.253634
88  0.255537
89  0.250184
90  0.250363
91  0.251528
92  0.252462
93  0.251994
94  0.249973
95  0.248576
96  0.254448
97  0.255007
98  0.251058
99  0.247833
100  0.249417
101  0.250158
102  0.251823
103  0.246653
104  0.247576
105  0.246383
106  0.247152
107  0.248444
108  0.248177
109  0.245528
110  0.244561
111  0.24747
112  0.247755
113  0.247133
114  0.245482
115  0.244613
116  0.250494
117  0.25071
118  0.251699
119  0.247185
120  0.249385
121  0.249409
122  0.246571
123  0.248424
124  0.251638
125  0.251319
126  0.249782
127  0.249344
128  0.251251
129  0.24998
130  0.250037
131  0.245948
132  0.248085
133  0.247248
134  0.246982
135  0.249012
136  0.244933
137  0.246398
138  0.252347
139  0.24988
140  0.246785
141  0.252986
142  0.251811
143  0.252676
144  0.247962
145  0.249586
146  0.25095
147  0.249214
148  0.249043
149  0.246706
150  0.245596
151  0.247395
152  0.249799
153  0.246381
154  0.248129
155  0.249682
156  0.251003
157  0.254796
158  0.251884
159  0.253794
160  0.257074
161  0.252723
162  0.255792
163  0.252598
164  0.247679
165  0.250875
166  0.250542
167  0.251694
168  0.248328
169  0.242886
170  0.243901
171  0.247637
172  0.244154
173  0.245576
174  0.251905
175  0.24631
176  0.251363
177  0.25158
178  0.248691
179  0.24591
180  0.250337
181  0.24607
182  0.247009
183  0.249599
184  0.24923
185  0.246132
186  0.246131
187  0.246559
188  0.247875
189  0.246473
190  0.243285
191  0.245726
192  0.246066
193  0.247018
194  0.253584
195  0.248884
196  0.253564
197  0.251743
198  0.256976
199  0.254525
200  0.255968
1  0.28561
2  0.26688
3  0.266553
4  0.260445
5  0.267095
6  0.265191
7  0.274412
8  0.276405
9  0.279053
10  0.289796
11  0.289104
12  0.291272
13  0.297289
14  0.294364
15  0.299014
16  0.300607
17  0.297111
18  0.304163
19  0.295774
20  0.292805
21  0.293122
22  0.299887
23  0.303905
24  0.303273
25  0.301723
26  0.304461
27  0.305645
28  0.297252
29  0.294606
30  0.296246
31  0.294286
32  0.296121
33  0.300645
34  0.297006
35  0.296098
36  0.293657
37  0.291769
38  0.287151
39  0.282854
40  0.289053
41  0.292711
42  0.291879
43  0.299474
44  0.298724
45  0.296863
46  0.298477
47  0.300117
48  0.297023
49  0.293368
50  0.289915
51  0.297247
52  0.29486
53  0.30037
54  0.298916
55  0.297695
56  0.296855
57  0.295571
58  0.297995
59  0.296812
60  0.294106
61  0.289842
62  0.292435
63  0.295681
64  0.294988
65  0.29499
66  0.299139
67  0.294369
68  0.294545
69  0.295851
70  0.296375
71  0.300556
72  0.297849
73  0.29338
74  0.300392
75  0.289123
76  0.29757
77  0.29884
78  0.298641
79  0.295293
80  0.297267
81  0.295869
82  0.296174
83  0.293689
84  0.297485
85  0.292223
86  0.291598
87  0.298044
88  0.295398
89  0.300282
90  0.299041
91  0.297834
92  0.296406
93  0.298094
94  0.298838
95  0.29655
96  0.296471
97  0.300021
98  0.297062
99  0.298237
100  0.297978
101  0.298097
102  0.301787
103  0.297637
104  0.300569
105  0.301322
106  0.305277
107  0.307754
108  0.301974
109  0.296059
110  0.293688
111  0.296679
112  0.298605
113  0.29669
114  0.291408
115  0.289637
116  0.291896
117  0.294108
118  0.297584
119  0.29463
120  0.291445
121  0.28935
122  0.297666
123  0.294389
124  0.29282
125  0.293995
126  0.295174
127  0.295043
128  0.298065
129  0.299542
130  0.302371
131  0.301411
132  0.303171
133  0.303265
134  0.301923
135  0.299484
136  0.297854
137  0.304789
138  0.297698
139  0.308108
140  0.304922
141  0.304087
142  0.302282
143  0.301732
144  0.302152
145  0.303283
146  0.302346
147  0.305103
148  0.303344
149  0.302864
150  0.296057
151  0.294996
152  0.294947
153  0.295607
154  0.294191
155  0.304643
156  0.299319
157  0.291587
158  0.291424
159  0.298804
160  0.300698
161  0.295385
162  0.296537
163  0.289949
164  0.29803
165  0.301523
166  0.286046
167  0.284121
168  0.295008
169  0.296661
170  0.288336
171  0.288456
172  0.291761
173  0.299737
174  0.301944
175  0.299502
176  0.30309
177  0.291869
178  0.299872
179  0.293155
180  0.286531
181  0.294858
182  0.293523
183  0.290884
184  0.292295
185  0.29861
186  0.300861
187  0.301174
188  0.301563
189  0.306698
190  0.300275
191  0.298133
192  0.303639
193  0.30125
194  0.300275
195  0.29882
196  0.292107
197  0.291582
198  0.291099
199  0.291283
200  0.290956
1  0.333914
2  0.333957
3  0.325159
4  0.317885
5  0.31149
6  0.306435
7  0.302973
8  0.297939
9  0.2988
10  0.299044
11  0.296343
12  0.29839
13  0.29806
14  0.302586
15  0.301181
16  0.29983
17  0.29872
18  0.299602
19  0.298099
20  0.299165
21  0.298054
22  0.298571
23  0.298267
24  0.298959
25  0.299853
26  0.29743
27  0.299036
28  0.297805
29  0.296785
30  0.295867
31  0.297437
32  0.29777
33  0.297865
34  0.301573
35  0.296607
36  0.295298
37  0.29714
38  0.294324
39  0.299562
40  0.302025
41  0.30154
42  0.300824
43  0.301419
44  0.300042
45  0.297366
46  0.295003
47  0.296477
48  0.296823
49  0.297345
50  0.297837
51  0.299957
52  0.299292
53  0.296929
54  0.299242
55  0.299867
56  0.29862
57  0.298045
58  0.299104
59  0.300894
60  0.305336
61  0.301851
62  0.302279
63  0.302906
64  0.301785
65  0.296905
66  0.297125
67  0.297907
68  0.297058
69  0.295998
70  0.297573
71  0.298465
72  0.301223
73  0.299025
74  0.298219
75  0.301884
76  0.300304
77  0.302961
78  0.299737
79  0.297854
80  0.299381
81  0.297736
82  0.300898
83  0.30248
84  0.304252
85  0.298679
86  0.298217
87  0.30248
88  0.299323
89  0.296831
90  0.300079
91  0.300918
92  0.297942
93  0.298139
94  0.300085
95  0.300648
96  0.300241
97  0.299383
98  0.299803
99  0.298924
100  0.302399
101  0.301658
102  0.297946
103  0.29813
104  0.29664
105  0.297032
106  0.302111
107  0.302337
108  0.299787
109  0.301391
110  0.297176
111  0.295992
112  0.295233
113  0.302194
114  0.301572
115  0.299759
116  0.298373
117  0.297598
118  0.299447
119  0.29984
120  0.301975
121  0.30241
122  0.299976
123  0.301153
124  0.297053
125  0.299541
126  0.298814
127  0.300899
128  0.299624
129  0.301455
130  0.29513
131  0.299617
132  0.299528
133  0.298621
134  0.299656
135  0.300602
136  0.302046
137  0.299851
138  0.300895
139  0.301463
140  0.299418
141  0.29813
142  0.30116
143  0.2983
144  0.300716
145  0.299742
146  0.300174
147  0.29743
148  0.298637
149  0.297474
150  0.294523
151  0.299039
152  0.29573
153  0.293166
154  0.293103
155  0.295744
156  0.295562
157  0.300042
158  0.302166
159  0.299541
160  0.295787
161  0.295921
162  0.300062
163  0.300588
164  0.296804
165  0.299539
166  0.300064
167  0.300205
168  0.294855
169  0.294675
170  0.2965
171  0.295467
172  0.297065
173  0.29756
174  0.295802
175  0.29378
176  0.299989
177  0.298382
178  0.298144
179  0.297269
180  0.295754
181  0.29819
182  0.297566
183  0.296719
184  0.297367
185  0.299523
186  0.298015
187  0.295846
188  0.295776
189  0.298147
190  0.29721
191  0.300517
192  0.29919
193  0.300121
194  0.302737
195  0.30445
196  0.299444
197  0.299207
198  0.303656
199  0.302956
200  0.302668
1  0.238148
2  0.14824
3  0.0865349
4  0.0596371
5  0.0440373
6  0.0351601
7  0.0296113
8  0.0272657
9  0.0242556
10  0.0228416
11  0.0204505
12  0.0210651
13  0.0212559
14  0.0205333
15  0.0196719
16  0.0219701
17  0.0214415
18  0.0220892
19  0.0204315
20  0.0200296
21  0.0201318
22  0.0199405
23  0.0210667
24  0.0238086
25  0.023287
26  0.0238191
27  0.0249209
28  0.02501
29  0.0261932
30  0.0258769
31  0.0267388
32  0.0238769
33  0.0231607
34  0.0240011
35  0.0234799
36  0.0229944
37  0.0231601
38  0.0226767
39  0.0215391
40  0.0229573
41  0.020825
42  0.0210061
43  0.0210743
44  0.0218337
45  0.0223778
46  0.0240657
47  0.0237989
48  0.0220563
49  0.0234393
50  0.0239513
51  0.0239902
52  0.0227994
53  0.0213459
54  0.0216847
55  0.0199097
56  0.02051
57  0.020562
58  0.0202368
59  0.0202251
60  0.0209754
61  0.0219738
62  0.0220568
63  0.0233912
64  0.0241659
65  0.0229362
66  0.0212391
67  0.0208596
68  0.0202087
69  0.0219448
70  0.0213831
71  0.0217743
72  0.0231546
73  0.0226296
74  0.0250916
75  0.0234878
76  0.0221347
77  0.0213406
78  0.0222434
79  0.0211181
80  0.0222113
81  0.0227225
82  0.0207292
83  0.0200143
84  0.0216098
85  0.0215315
86  0.0206404
87  0.018563
88  0.0196135
89  0.0202697
90  0.0207782
91  0.0225709
92  0.0232524
93  0.0225464
94  0.023492
95  0.0214085
96  0.0200487
97  0.019665
98  0.0212805
99  0.0224572
100  0.0225174
101  0.02136
102  0.0225513
103  0.0228213
104  0.023092
105  0.0216965
106  0.0215972
107  0.0219124
108  0.0218435
109  0.0210534
110  0.021715
111  0.0214418
112  0.0231024
113  0.0205108
114  0.0204531
115  0.0185562
116  0.0180854
117  0.0213189
118  0.0216502
119  0.021536
120  0.0221827
121  0.0233336
122  0.0221103
123  0.0236884
124  0.0228491
125  0.0234104
126  0.0234331
127  0.0233377
128  0.0226184
129  0.0209038
130  0.0200864
131  0.0209984
132  0.0202499
133  0.0215898
134  0.0215443
135  0.0208057
136  0.0202246
137  0.0205261
138  0.0217978
139  0.0225586
140  0.0212611
141  0.0226676
142  0.0229372
143  0.0218561
144  0.0219199
145  0.0234552
146  0.0224992
147  0.0226217
148  0.0230387
149  0.0227368
150  0.0202205
151  0.022474
152  0.0227406
153  0.0233563
154  0.0232488
155  0.0243577
156  0.0221019
157  0.0234641
158  0.0232257
159  0.0228357
160  0.0238768
161  0.0240209
162  0.0242737
163  0.0249012
164  0.0220009
165  0.0221719
166  0.0234863
167  0.0222402
168  0.0208734
169  0.021689
170  0.0231202
171  0.0230066
172  0.0222201
173  0.023102
174  0.0224255
175  0.0211983
176  0.0228039
177  0.0231016
178  0.0234886
179  0.0240247
180  0.0238371
181  0.0239848
182  0.02427
183  0.0254494
184  0.0249649
185  0.0233452
186  0.021651
187  0.0212094
188  0.0193447
189  0.0189893
190  0.0177309
191  0.0169612
192  0.0162569
193  0.0167459
194  0.0168255
195  0.018658
196  0.0181973
197  0.019318
198  0.0198495
199  0.0205899
200  0.022184
1  0.454411
2  0.552652
3  0.617453
4  0.65103
5  0.671863
6  0.683044
7  0.688846
8  0.693676
9  0.692633
10  0.698106
11  0.702466
12  0.701523
13  0.699904
14  0.698164
15  0.699793
16  0.699979
17  0.692629
18  0.696915
19  0.697665
20  0.699601
21  0.699888
22  0.697477
23  0.698107
24  0.696868
25  0.700613
26  0.699831
27  0.69923
28  0.697405
29  0.699461
30  0.704164
31  0.701277
32  0.699748
33  0.699735
34  0.698094
35  0.698608
36  0.701214
37  0.702123
38  0.703995
39  0.702514
40  0.699151
41  0.697668
42  0.699545
43  0.695479
44  0.698845
45  0.699403
46  0.6972
47  0.697891
48  0.69871
49  0.697575
50  0.692814
51  0.698035
52  0.699444
53  0.698947
54  0.694839
55  0.698683
56  0.70086
57  0.6991
58  0.70184
59  0.699127
60  0.701078
61  0.704013
62  0.699715
63  0.702975
64  0.701004
65  0.698974
66  0.697976
67  0.694578
68  0.691972
69  0.697139
70  0.695773
71  0.697654
72  0.698186
73  0.701966
74  0.700877
75  0.695712
76  0.699381
77  0.699769
78  0.70079
79  0.697478
80  0.700947
81  0.699326
82  0.698967
83  0.69976
84  0.700705
85  0.695381
86  0.695147
87  0.695467
88  0.694915
89  0.69957
90  0.70024
91  0.698501
92  0.697607
93  0.69904
94  0.701588
95  0.701757
96  0.696832
97  0.695329
98  0.698272
99  0.700238
100  0.699701
101  0.697868
102  0.697931
103  0.701694
104  0.698678
105  0.69962
106  0.697674
107  0.697708
108  0.698961
109  0.701727
110  0.701608
111  0.702532
112  0.702582
113  0.703688
114  0.705688
115  0.706828
116  0.70227
117  0.700907
118  0.699697
119  0.701733
120  0.699874
121  0.698843
122  0.702198
123  0.698718
124  0.697245
125  0.697811
126  0.702142
127  0.69985
128  0.699065
129  0.700968
130  0.700502
131  0.703072
132  0.700906
133  0.699619
134  0.700992
135  0.701274
136  0.704381
137  0.701716
138  0.695286
139  0.699267
140  0.701569
141  0.694803
142  0.697022
143  0.696052
144  0.701815
145  0.699783
146  0.698397
147  0.699043
148  0.699343
149  0.702657
150  0.704166
151  0.701856
152  0.70281
153  0.70668
154  0.702996
155  0.702563
156  0.699461
157  0.69388
158  0.69751
159  0.697475
160  0.693792
161  0.697905
162  0.69608
163  0.700015
164  0.703923
165  0.700842
166  0.699317
167  0.699442
168  0.70169
169  0.707588
170  0.705156
171  0.702555
172  0.706377
173  0.702591
174  0.697103
175  0.701398
176  0.695592
177  0.697624
178  0.700769
179  0.702984
180  0.697668
181  0.701265
182  0.70173
183  0.699298
184  0.698876
185  0.700954
186  0.698152
187  0.700199
188  0.698448
189  0.701091
190  0.705439
191  0.702593
192  0.704034
193  0.702994
194  0.696511
195  0.699285
196  0.696124
197  0.69832
198  0.693683
199  0.696624
200  0.696393
1  0.330782
2  0.283966
3  0.241219
4  0.223587
5  0.213516
6  0.209503
7  0.204214
8  0.205709
9  0.209757
10  0.201573
11  0.201288
12  0.205109
13  0.20679
14  0.203786
15  0.201593
16  0.207149
17  0.210262
18  0.208248
19  0.206411
20  0.20712
21  0.205407
22  0.202282
23  0.203203
24  0.198632
25  0.203327
26  0.201865
27  0.204534
28  0.20939
29  0.20555
30  0.20658
31  0.200345
32  0.204652
33  0.203549
34  0.202977
35  0.203647
36  0.206773
37  0.209359
38  0.210873
39  0.208202
40  0.216117
41  0.213416
42  0.212636
43  0.210096
44  0.212537
45  0.209957
46  0.214401
47  0.211925
48  0.211211
49  0.209711
50  0.210511
51  0.204238
52  0.209522
53  0.205495
54  0.20338
55  0.206977
56  0.20683
57  0.205885
58  0.203326
59  0.209511
60  0.20596
61  0.208549
62  0.206553
63  0.208719
64  0.205447
65  0.199472
66  0.199293
67  0.205874
68  0.204171
69  0.203835
70  0.207009
71  0.206241
72  0.206774
73  0.209109
74  0.204657
75  0.206931
76  0.203723
77  0.210407
78  0.210192
79  0.210935
80  0.207078
81  0.207947
82  0.207821
83  0.210699
84  0.206341
85  0.205369
86  0.207637
87  0.209303
88  0.208175
89  0.203374
90  0.203305
91  0.203554
92  0.204995
93  0.206855
94  0.205309
95  0.206913
96  0.20596
97  0.207425
98  0.209417
99  0.204954
100  0.204581
101  0.205092
102  0.199484
103  0.211674
104  0.209454
105  0.205087
106  0.203199
107  0.204703
108  0.201215
109  0.209658
110  0.216951
111  0.214845
112  0.209036
113  0.20245
114  0.206049
115  0.211011
116  0.212043
117  0.207782
118  0.208803
119  0.206334
120  0.209046
121  0.207295
122  0.207904
123  0.205311
124  0.206674
125  0.209911
126  0.206208
127  0.212176
128  0.212732
129  0.211914
130  0.206432
131  0.209133
132  0.209316
133  0.208256
134  0.203643
135  0.200789
136  0.203207
137  0.200757
138  0.206437
139  0.203916
140  0.20815
141  0.206763
142  0.209493
143  0.210851
144  0.210612
145  0.213519
146  0.212842
147  0.206455
148  0.205122
149  0.203422
150  0.206025
151  0.207284
152  0.205388
153  0.205547
154  0.208845
155  0.209117
156  0.205018
157  0.207348
158  0.206254
159  0.21021
160  0.207976
161  0.205754
162  0.203494
163  0.204269
164  0.207413
165  0.206387
166  0.209081
167  0.208438
168  0.207723
169  0.202766
170  0.207581
171  0.205369
172  0.205672
173  0.204574
174  0.20682
175  0.203975
176  0.205739
177  0.21057
178  0.202213
179  0.204112
180  0.206591
181  0.206303
182  0.204793
183  0.208862
184  0.211482
185  0.215962
186  0.211608
187  0.205297
188  0.205176
189  0.208175
190  0.214298
191  0.210147
192  0.21036
193  0.213412
194  0.208003
195  0.208821
196  0.208594
197  0.208899
198  0.202416
199  0.209856
200  0.207268
1  0.296429
2  0.193547
3  0.140795
4  0.120987
5  0.111443
6  0.105114
7  0.101519
8  0.102691
9  0.102763
10  0.100522
11  0.105638
12  0.104938
13  0.103043
14  0.102536
15  0.100084
16  0.103352
17  0.100906
18  0.100434
19  0.0995457
20  0.100172
21  0.101394
22  0.102649
23  0.104654
24  0.104628
25  0.105459
26  0.102071
27  0.103109
28  0.101467
29  0.101888
30  0.101146
31  0.103774
32  0.10456
33  0.1075
34  0.102137
35  0.101622
36  0.100835
37  0.102573
38  0.102465
39  0.103587
40  0.0999803
41  0.100269
42  0.100053
43  0.0984983
44  0.100285
45  0.100611
46  0.101774
47  0.102471
48  0.100803
49  0.0989874
50  0.101217
51  0.103691
52  0.103669
53  0.0994772
54  0.10178
55  0.0997723
56  0.100595
57  0.10386
58  0.104585
59  0.104488
60  0.103141
61  0.104991
62  0.104195
63  0.103466
64  0.10307
65  0.10426
66  0.101708
67  0.103994
68  0.108694
69  0.1044
70  0.103661
71  0.103174
72  0.102599
73  0.103828
74  0.106398
75  0.103887
76  0.10174
77  0.0995224
78  0.102475
79  0.101905
80  0.101727
81  0.10119
82  0.102035
83  0.0997217
84  0.10199
85  0.102463
86  0.0992494
87  0.103076
88  0.102592
89  0.100692
90  0.101
91  0.104118
92  0.103656
93  0.101774
94  0.100586
95  0.103294
96  0.0998561
97  0.102765
98  0.10427
99  0.101724
100  0.101534
101  0.104314
102  0.103373
103  0.101771
104  0.102625
105  0.101917
106  0.10271
107  0.101358
108  0.103796
109  0.104852
110  0.103348
111  0.100582
112  0.102906
113  0.10393
114  0.101509
115  0.102788
116  0.0993344
117  0.102524
118  0.100947
119  0.100575
120  0.103111
121  0.0990433
122  0.101346
123  0.0980598
124  0.100556
125  0.0987017
126  0.10423
127  0.102337
128  0.103548
129  0.103785
130  0.102805
131  0.106422
132  0.102686
133  0.104212
134  0.10499
135  0.109566
136  0.107048
137  0.102097
138  0.105731
139  0.107773
140  0.102984
141  0.100374
142  0.0989579
143  0.0967444
144  0.100003
145  0.101186
146  0.101703
147  0.103367
148  0.10676
149  0.103786
150  0.102692
151  0.10408
152  0.103966
153  0.104539
154  0.104584
155  0.105636
156  0.104697
157  0.101915
158  0.102163
159  0.105067
160  0.1029
161  0.104187
162  0.100381
163  0.104243
164  0.1034
165  0.105288
166  0.102603
167  0.102693
168  0.102042
169  0.104574
170  0.1033
171  0.101016
172  0.102358
173  0.101443
174  0.100417
175  0.101049
176  0.103845
177  0.103042
178  0.103627
179  0.104409
180  0.106076
181  0.102327
182  0.105449
183  0.10515
184  0.104852
185  0.102295
186  0.102122
187  0.102426
188  0.10478
189  0.102828
190  0.103039
191  0.100677
192  0.103828
193  0.102589
194  0.102478
195  0.102929
196  0.104407
197  0.105288
198  0.103372
199  0.103574
200  0.105206
1  0.453871
2  0.430062
3  0.418316
4  0.407104
5  0.410007
6  0.410505
7  0.410178
8  0.404813
9  0.40501
10  0.401774
11  0.400717
12  0.407202
13  0.402643
14  0.403239
15  0.401398
16  0.405385
17  0.402282
18  0.40541
19  0.403328
20  0.404653
21  0.408275
22  0.405574
23  0.403117
24  0.403458
25  0.40076
26  0.400287
27  0.404777
28  0.40332
29  0.404627
30  0.405428
31  0.404897
32  0.405357
33  0.402345
34  0.398489
35  0.400627
36  0.401024
37  0.403079
38  0.405477
39  0.399703
40  0.399486
41  0.404076
42  0.402419
43  0.405075
44  0.400235
45  0.398706
46  0.404494
47  0.398151
48  0.402193
49  0.405672
50  0.404195
51  0.401681
52  0.405162
53  0.405975
54  0.401791
55  0.407633
56  0.40692
57  0.401346
58  0.405295
59  0.401508
60  0.405402
61  0.405449
62  0.397777
63  0.400887
64  0.401465
65  0.408033
66  0.406926
67  0.401661
68  0.402582
69  0.402524
70  0.406597
71  0.407081
72  0.404902
73  0.406269
74  0.399198
75  0.396231
76  0.402931
77  0.403189
78  0.399073
79  0.398284
80  0.403218
81  0.398235
82  0.403484
83  0.398878
84  0.402675
85  0.403282
86  0.404347
87  0.402275
88  0.403029
89  0.401498
90  0.40737
91  0.404258
92  0.404045
93  0.405357
94  0.402838
95  0.404041
96  0.402639
97  0.400012
98  0.404462
99  0.401443
100  0.401161
101  0.404973
102  0.405309
103  0.398658
104  0.405345
105  0.401153
106  0.401135
107  0.396557
108  0.402567
109  0.396744
110  0.397644
111  0.401896
112  0.399848
113  0.401987
114  0.398727
115  0.400962
116  0.407012
117  0.408018
118  0.401676
119  0.403009
120  0.404014
121  0.403349
122  0.40127
123  0.400305
124  0.403178
125  0.403091
126  0.402997
127  0.401819
128  0.399592
129  0.405281
130  0.400424
131  0.394541
132  0.392989
133  0.401971
134  0.40289
135  0.402815
136  0.40386
137  0.403217
138  0.406416
139  0.407664
140  0.402852
141  0.401839
142  0.405327
143  0.404931
144  0.403404
145  0.405498
146  0.405251
147  0.400442
148  0.403555
149  0.400567
150  0.402629
151  0.403362
152  0.402649
153  0.400047
154  0.401151
155  0.401641
156  0.402413
157  0.402034
158  0.406101
159  0.403659
160  0.402587
161  0.403306
162  0.399563
163  0.407138
164  0.404454
165  0.401103
166  0.406065
167  0.40734
168  0.4029
169  0.402008
170  0.402585
171  0.40003
172  0.401056
173  0.403268
174  0.399095
175  0.40778
176  0.400129
177  0.402135
178  0.401598
179  0.401335
180  0.400283
181  0.403706
182  0.402651
183  0.402403
184  0.402094
185  0.397778
186  0.405356
187  0.403095
188  0.404252
189  0.405583
190  0.401426
191  0.40184
192  0.397864
193  0.398384
194  0.40037
195  0.394791
196  0.401405
197  0.402171
198  0.403557
199  0.408529
200  0.404401
1  0.752958
2  0.874613
3  0.93533
4  0.962766
5  0.976619
6  0.984126
7  0.987568
8  0.988324
9  0.988647
10  0.989295
11  0.989247
12  0.98987
13  0.989652
14  0.988396
15  0.988911
16  0.988729
17  0.988715
18  0.987994
19  0.988978
20  0.989635
21  0.989007
22  0.98938
23  0.988633
24  0.989371
25  0.989062
26  0.990186
27  0.988981
28  0.989037
29  0.989222
30  0.9898
31  0.989989
32  0.990194
33  0.989116
34  0.989323
35  0.989504
36  0.989687
37  0.98989
38  0.989536
39  0.989922
40  0.989929
41  0.988575
42  0.989043
43  0.989942
44  0.989783
45  0.990111
46  0.989587
47  0.990364
48  0.989473
49  0.989182
50  0.98931
51  0.989125
52  0.989715
53  0.988706
54  0.988287
55  0.989427
56  0.990812
57  0.989496
58  0.989404
59  0.98991
60  0.988737
61  0.989894
62  0.989556
63  0.989641
64  0.989223
65  0.989733
66  0.989388
67  0.98983
68  0.98906
69  0.990388
70  0.990211
71  0.988725
72  0.989562
73  0.989174
74  0.989294
75  0.98886
76  0.988548
77  0.988856
78  0.988127
79  0.98834
80  0.988603
81  0.989568
82  0.989165
83  0.990152
84  0.989958
85  0.989804
86  0.9899
87  0.988751
88  0.990048
89  0.990643
90  0.991161
91  0.989988
92  0.989791
93  0.989113
94  0.989082
95  0.98859
96  0.989109
97  0.989428
98  0.989103
99  0.989453
100  0.989816
101  0.988905
102  0.98831
103  0.988581
104  0.987708
105  0.989178
106  0.988893
107  0.989085
108  0.989866
109  0.989601
110  0.989055
111  0.989475
112  0.988884
113  0.988833
114  0.988574
115  0.988625
116  0.988519
117  0.988305
118  0.989143
119  0.989727
120  0.989035
121  0.98883
122  0.990252
123  0.989505
124  0.989311
125  0.98915
126  0.990141
127  0.98949
128  0.989444
129  0.989194
130  0.989413
131  0.988898
132  0.989737
133  0.990075
134  0.989198
135  0.989081
136  0.987641
137  0.988557
138  0.988097
139  0.988218
140  0.989116
141  0.990087
142  0.989606
143  0.98818
144  0.989879
145  0.989879
146  0.988384
147  0.987753
148  0.988664
149  0.988079
150  0.988226
151  0.989252
152  0.989167
153  0.989694
154  0.989218
155  0.989853
156  0.990083
157  0.989716
158  0.989385
159  0.988709
160  0.989046
161  0.988774
162  0.990032
163  0.98899
164  0.988184
165  0.988745
166  0.988459
167  0.989846
168  0.990507
169  0.989516
170  0.990499
171  0.989966
172  0.990745
173  0.990627
174  0.989721
175  0.990005
176  0.990031
177  0.989969
178  0.990671
179  0.989547
180  0.989382
181  0.989456
182  0.989045
183  0.989263
184  0.988214
185  0.9878
186  0.988472
187  0.989177
188  0.989872
189  0.989545
190  0.989479
191  0.98954
192  0.989472
193  0.987414
194  0.987104
195  0.988509
196  0.988471
197  0.989004
198  0.989479
199  0.989463
200  0.989557
1  0.703571
2  0.806453
3  0.859205
4  0.879013
5  0.888557
6  0.894886
7  0.898481
8  0.897309
9  0.897237
10  0.899478
11  0.894362
12  0.895062
13  0.896957
14  0.897464
15  0.899916
16  0.896648
17  0.899094
18  0.899566
19  0.900454
20  0.899828
21  0.898606
22  0.897351
23  0.895346
24  0.895372
25  0.894541
26  0.897929
27  0.896891
28  0.898533
29  0.898112
30  0.898854
31  0.896226
32  0.89544
33  0.8925
34  0.897863
35  0.898378
36  0.899165
37  0.897427
38  0.897535
39  0.896413
40  0.90002
41  0.899731
42  0.899947
43  0.901502
44  0.899715
45  0.899389
46  0.898226
47  0.897529
48  0.899197
49  0.901013
50  0.898783
51  0.896309
52  0.896331
53  0.900523
54  0.89822
55  0.900228
56  0.899405
57  0.89614
58  0.895415
59  0.895512
60  0.896859
61  0.895009
62  0.895805
63  0.896534
64  0.89693
65  0.89574
66  0.898292
67  0.896006
68  0.891306
69  0.8956
70  0.896339
71  0.896826
72  0.897401
73  0.896172
74  0.893602
75  0.896113
76  0.89826
77  0.900478
78  0.897525
79  0.898095
80  0.898273
81  0.89881
82  0.897965
83  0.900278
84  0.89801
85  0.897537
86  0.900751
87  0.896924
88  0.897408
89  0.899308
90  0.899
91  0.895882
92  0.896344
93  0.898226
94  0.899414
95  0.896706
96  0.900144
97  0.897235
98  0.89573
99  0.898276
100  0.898466
101  0.895686
102  0.896627
103  0.898229
104  0.897375
105  0.898083
106  0.89729
107  0.898642
108  0.896204
109  0.895148
110  0.896652
111  0.899418
112  0.897094
113  0.89607
114  0.898491
115  0.897212
116  0.900666
117  0.897476
118  0.899053
119  0.899425
120  0.896889
121  0.900957
122  0.898654
123  0.90194
124  0.899444
125  0.901298
126  0.89577
127  0.897663
128  0.896452
129  0.896215
130  0.897195
131  0.893578
132  0.897314
133  0.895788
134  0.89501
135  0.890434
136  0.892952
137  0.897903
138  0.894269
139  0.892227
140  0.897016
141  0.899626
142  0.901042
143  0.903256
144  0.899997
145  0.898814
146  0.898297
147  0.896633
148  0.89324
149  0.896214
150  0.897308
151  0.89592
152  0.896034
153  0.895461
154  0.895416
155  0.894364
156  0.895303
157  0.898085
158  0.897837
159  0.894933
160  0.8971
161  0.895813
162  0.899619
163  0.895757
164  0.8966
165  0.894712
166  0.897397
167  0.897307
168  0.897958
169  0.895426
170  0.8967
171  0.898984
172  0.897642
173  0.898557
174  0.899583
175  0.898951
176  0.896155
177  0.896958
178  0.896373
179  0.895591
180  0.893924
181  0.897673
182  0.894551
183  0.89485
184  0.895148
185  0.897705
186  0.897878
187  0.897574
188  0.89522
189  0.897172
190  0.896961
191  0.899323
192  0.896172
193  0.897411
194  0.897522
195  0.897071
196  0.895593
197  0.894712
198  0.896628
199  0.896426
200  0.894794
1  0.546129
2  0.569938
3  0.581684
4  0.592896
5  0.589993
6  0.589495
7  0.589822
8  0.595187
9  0.59499
10  0.598226
11  0.599283
12  0.592798
13  0.597357
14  0.596761
15  0.598602
16  0.594615
17  0.597718
18  0.59459
19  0.596672
20  0.595347
21  0.591725
22  0.594426
23  0.596883
24  0.596542
25  0.59924
26  0.599713
27  0.595223
28  0.59668
29  0.595373
30  0.594572
31  0.595103
32  0.594643
33  0.597655
34  0.601511
35  0.599373
36  0.598976
37  0.596921
38  0.594523
39  0.600297
40  0.600514
41  0.595924
42  0.597581
43  0.594925
44  0.599765
45  0.601294
46  0.595506
47  0.601849
48  0.597807
49  0.594328
50  0.595805
51  0.598319
52  0.594838
53  0.594025
54  0.598209
55  0.592367
56  0.59308
57  0.598654
58  0.594705
59  0.598492
60  0.594598
61  0.594551
62  0.602223
63  0.599113
64  0.598535
65  0.591967
66  0.593074
67  0.598339
68  0.597418
69  0.597476
70  0.593403
71  0.592919
72  0.595098
73  0.593731
74  0.600802
75  0.603769
76  0.597069
77  0.596811
78  0.600927
79  0.601716
80  0.596782
81  0.601765
82  0.596516
83  0.601122
84  0.597325
85  0.596718
86  0.595653
87  0.597725
88  0.596971
89  0.598502
90  0.59263
91  0.595742
92  0.595955
93  0.594643
94  0.597162
95  0.595959
96  0.597361
97  0.599988
98  0.595538
99  0.598557
100  0.598839
101  0.595027
102  0.594691
103  0.601342
104  0.594655
105  0.598847
106  0.598865
107  0.603443
108  0.597433
109  0.603256
110  0.602356
111  0.598104
112  0.600152
113  0.598013
114  0.601273
115  0.599038
116  0.592988
117  0.591982
118  0.598324
119  0.596991
120  0.595986
121  0.596651
122  0.59873
123  0.599695
124  0.596822
125  0.596909
126  0.597003
127  0.598181
128  0.600408
129  0.594719
130  0.599576
131  0.605459
132  0.607011
133  0.598029
134  0.59711
135  0.597185
136  0.59614
137  0.596783
138  0.593584
139  0.592336
140  0.597148
141  0.598161
142  0.594673
143  0.595069
144  0.596596
145  0.594502
146  0.594749
147  0.599558
148  0.596445
149  0.599433
150  0.597371
151  0.596638
152  0.597351
153  0.599953
154  0.598849
155  0.598359
156  0.597587
157  0.597966
158  0.593899
159  0.596341
160  0.597413
161  0.596694
162  0.600437
163  0.592862
164  0.595546
165  0.598897
166  0.593935
167  0.59266
168  0.5971
169  0.597992
170  0.597415
171  0.59997
172  0.598944
173  0.596732
174  0.600905
175  0.59222
176  0.599871
177  0.597865
178  0.598402
179  0.598665
180  0.599717
181  0.596294
182  0.597349
183  0.597597
184  0.597906
185  0.602222
186  0.594644
187  0.596905
188  0.595748
189  0.594417
190  0.598574
191  0.59816
192  0.602136
193  0.601616
194  0.59963
195  0.605209
196  0.598595
197  0.597829
198  0.596443
199  0.591471
200  0.595599
1  0.247042
2  0.125387
3  0.0646703
4  0.0372336
5  0.0233809
6  0.0158741
7  0.0124325
8  0.0116762
9  0.0113532
10  0.0107051
11  0.010753
12  0.01013
13  0.0103485
14  0.0116038
15  0.0110894
16  0.0112713
17  0.0112851
18  0.012006
19  0.0110219
20  0.0103646
21  0.0109928
22  0.0106199
23  0.0113674
24  0.0106288
25  0.010938
26  0.00981375
27  0.0110189
28  0.0109631
29  0.0107776
30  0.0101999
31  0.010011
32  0.00980607
33  0.010884
34  0.0106772
35  0.0104961
36  0.0103128
37  0.0101101
38  0.0104637
39  0.0100779
40  0.0100711
41  0.0114249
42  0.0109568
43  0.0100583
44  0.010217
45  0.00988928
46  0.0104128
47  0.00963572
48  0.0105274
49  0.0108182
50  0.0106903
51  0.010875
52  0.0102846
53  0.0112935
54  0.0117134
55  0.010573
56  0.00918773
57  0.0105043
58  0.0105961
59  0.0100898
60  0.0112634
61  0.010106
62  0.0104436
63  0.0103588
64  0.0107767
65  0.0102675
66  0.010612
67  0.0101698
68  0.0109401
69  0.00961203
70  0.00978929
71  0.0112754
72  0.0104379
73  0.0108256
74  0.0107056
75  0.0111402
76  0.0114521
77  0.0111437
78  0.0118726
79  0.0116598
80  0.0113969
81  0.0104318
82  0.0108346
83  0.00984815
84  0.0100419
85  0.010196
86  0.0100998
87  0.0112487
88  0.00995233
89  0.00935692
90  0.00883867
91  0.0100116
92  0.0102093
93  0.0108867
94  0.0109177
95  0.0114099
96  0.0108906
97  0.0105721
98  0.0108973
99  0.0105473
100  0.0101844
101  0.0110952
102  0.0116899
103  0.0114192
104  0.0122925
105  0.0108216
106  0.0111072
107  0.0109145
108  0.0101339
109  0.0103991
110  0.0109454
111  0.0105245
112  0.0111164
113  0.0111672
114  0.0114264
115  0.0113746
116  0.0114805
117  0.0116955
118  0.0108571
119  0.0102728
120  0.0109652
121  0.0111704
122  0.00974791
123  0.0104953
124  0.0106891
125  0.0108498
126  0.00985889
127  0.01051
128  0.0105557
129  0.0108063
130  0.0105871
131  0.0111021
132  0.0102625
133  0.00992512
134  0.0108016
135  0.0109193
136  0.0123593
137  0.0114435
138  0.0119029
139  0.0117825
140  0.0108839
141  0.00991264
142  0.010394
143  0.0118202
144  0.010121
145  0.0101208
146  0.0116157
147  0.0122467
148  0.011336
149  0.0119214
150  0.0117744
151  0.0107475
152  0.0108325
153  0.0103062
154  0.0107823
155  0.0101466
156  0.00991722
157  0.0102836
158  0.0106149
159  0.011291
160  0.010954
161  0.0112263
162  0.00996838
163  0.0110098
164  0.0118162
165  0.0112546
166  0.0115406
167  0.0101538
168  0.00949254
169  0.0104842
170  0.00950141
171  0.0100344
172  0.00925544
173  0.00937264
174  0.0102793
175  0.0099955
176  0.00996944
177  0.0100308
178  0.00932891
179  0.0104527
180  0.0106176
181  0.0105444
182  0.010955
183  0.0107372
184  0.0117864
185  0.0122002
186  0.011528
187  0.0108228
188  0.0101284
189  0.0104552
190  0.0105208
191  0.0104603
192  0.0105276
193  0.0125857
194  0.0128959
195  0.0114906
196  0.0115293
197  0.0109957
198  0.0105212
199  0.0105374
200  0.0104426
