n0.prob[1] 1 200
n0.prob[2] 201 400
n1.prob[1] 401 600
n1.prob[2] 601 800
n2.prob[1,1] 801 1000
n2.prob[2,1] 1001 1200
n2.prob[1,2] 1201 1400
n2.prob[2,2] 1401 1600
n3.prob[1,1,1] 1601 1800
n3.prob[2,1,1] 1801 2000
n3.prob[1,2,1] 2001 2200
n3.prob[2,2,1] 2201 2400
n3.prob[1,1,2] 2401 2600
n3.prob[2,1,2] 2601 2800
n3.prob[1,2,2] 2801 3000
n3.prob[2,2,2] 3001 3200
n3.prob[1,1,3] 3201 3400
n3.prob[2,1,3] 3401 3600
n3.prob[1,2,3] 3601 3800
n3.prob[2,2,3] 3801 4000
n4.prob[1,1] 4001 4200
n4.prob[2,1] 4201 4400
n4.prob[3,1] 4401 4600
n4.prob[1,2] 4601 4800
n4.prob[2,2] 4801 5000
n4.prob[3,2] 5001 5200
