1  0.607901
2  0.659283
3  0.683805
4  0.694492
5  0.699685
6  0.702976
7  0.703735
8  0.703504
9  0.706426
10  0.705046
11  0.704895
12  0.705464
13  0.706092
14  0.705889
15  0.705728
16  0.706605
17  0.706767
18  0.706729
19  0.706497
20  0.706063
21  0.704967
22  0.705287
23  0.707493
24  0.706392
25  0.706363
26  0.70601
27  0.705622
28  0.707195
29  0.707152
30  0.707635
31  0.706577
32  0.705255
33  0.706195
34  0.704593
35  0.704847
36  0.705091
37  0.70456
38  0.705157
39  0.704719
40  0.705664
41  0.705754
42  0.705573
43  0.705531
44  0.705264
45  0.705827
46  0.705275
47  0.705474
48  0.706079
49  0.705281
50  0.705402
51  0.706131
52  0.70651
53  0.706595
54  0.704785
55  0.704685
56  0.705496
57  0.705751
58  0.706654
59  0.705675
60  0.704922
61  0.705232
62  0.704718
63  0.704822
64  0.7056
65  0.705834
66  0.706048
67  0.705834
68  0.705985
69  0.70514
70  0.705372
71  0.70523
72  0.70557
73  0.704437
74  0.706086
75  0.704039
76  0.705186
77  0.705103
78  0.704631
79  0.705499
80  0.70458
81  0.705209
82  0.705996
83  0.704492
84  0.704803
85  0.703415
86  0.704935
87  0.704807
88  0.705633
89  0.705495
90  0.706062
91  0.707709
92  0.706103
93  0.706106
94  0.707064
95  0.705406
96  0.706435
97  0.705957
98  0.706406
99  0.707136
100  0.704519
101  0.704864
102  0.705122
103  0.707138
104  0.705185
105  0.704963
106  0.705349
107  0.705735
108  0.706534
109  0.705948
110  0.7066
111  0.706152
112  0.70588
113  0.705507
114  0.704355
115  0.705374
116  0.705951
117  0.705991
118  0.704416
119  0.705738
120  0.704918
121  0.704369
122  0.705283
123  0.705398
124  0.704669
125  0.704496
126  0.704272
127  0.705902
128  0.706293
129  0.706454
130  0.705679
131  0.705684
132  0.706116
133  0.70703
134  0.706641
135  0.705066
136  0.706054
137  0.705635
138  0.705763
139  0.707174
140  0.706155
141  0.706246
142  0.705725
143  0.705848
144  0.706136
145  0.705555
146  0.705285
147  0.705111
148  0.706065
149  0.704159
150  0.705315
151  0.704175
152  0.706246
153  0.707056
154  0.706054
155  0.705303
156  0.704964
157  0.705732
158  0.706058
159  0.70575
160  0.704738
161  0.704908
162  0.705829
163  0.706259
164  0.705518
165  0.705314
166  0.706531
167  0.706998
168  0.706607
169  0.705667
170  0.706857
171  0.706154
172  0.705256
173  0.705241
174  0.704552
175  0.704152
176  0.705404
177  0.705562
178  0.705955
179  0.705687
180  0.705637
181  0.706166
182  0.707984
183  0.707391
184  0.707623
185  0.706673
186  0.705606
187  0.706868
188  0.70579
189  0.705408
190  0.705747
191  0.706038
192  0.707935
193  0.705883
194  0.705687
195  0.705621
196  0.705666
197  0.704977
198  0.705473
199  0.704958
200  0.705143
1  0.392099
2  0.340717
3  0.316195
4  0.305508
5  0.300315
6  0.297024
7  0.296265
8  0.296496
9  0.293574
10  0.294954
11  0.295105
12  0.294536
13  0.293908
14  0.294111
15  0.294272
16  0.293395
17  0.293233
18  0.293271
19  0.293503
20  0.293937
21  0.295033
22  0.294713
23  0.292507
24  0.293608
25  0.293637
26  0.29399
27  0.294378
28  0.292805
29  0.292848
30  0.292365
31  0.293423
32  0.294745
33  0.293805
34  0.295407
35  0.295153
36  0.294909
37  0.29544
38  0.294843
39  0.295281
40  0.294336
41  0.294246
42  0.294427
43  0.294469
44  0.294736
45  0.294173
46  0.294725
47  0.294526
48  0.293921
49  0.294719
50  0.294598
51  0.293869
52  0.29349
53  0.293405
54  0.295215
55  0.295315
56  0.294504
57  0.294249
58  0.293346
59  0.294325
60  0.295078
61  0.294768
62  0.295282
63  0.295178
64  0.2944
65  0.294166
66  0.293952
67  0.294166
68  0.294015
69  0.29486
70  0.294628
71  0.29477
72  0.29443
73  0.295563
74  0.293914
75  0.295961
76  0.294814
77  0.294897
78  0.295369
79  0.294501
80  0.29542
81  0.294791
82  0.294004
83  0.295508
84  0.295197
85  0.296585
86  0.295065
87  0.295193
88  0.294367
89  0.294505
90  0.293938
91  0.292291
92  0.293897
93  0.293894
94  0.292936
95  0.294594
96  0.293565
97  0.294043
98  0.293594
99  0.292864
100  0.295481
101  0.295136
102  0.294878
103  0.292862
104  0.294815
105  0.295037
106  0.294651
107  0.294265
108  0.293466
109  0.294052
110  0.2934
111  0.293848
112  0.29412
113  0.294493
114  0.295645
115  0.294626
116  0.294049
117  0.294009
118  0.295584
119  0.294262
120  0.295082
121  0.295631
122  0.294717
123  0.294602
124  0.295331
125  0.295504
126  0.295728
127  0.294098
128  0.293707
129  0.293546
130  0.294321
131  0.294316
132  0.293884
133  0.29297
134  0.293359
135  0.294934
136  0.293946
137  0.294365
138  0.294237
139  0.292826
140  0.293845
141  0.293754
142  0.294275
143  0.294152
144  0.293864
145  0.294445
146  0.294715
147  0.294889
148  0.293935
149  0.295841
150  0.294685
151  0.295825
152  0.293754
153  0.292944
154  0.293946
155  0.294697
156  0.295036
157  0.294268
158  0.293942
159  0.29425
160  0.295262
161  0.295092
162  0.294171
163  0.293741
164  0.294482
165  0.294686
166  0.293469
167  0.293002
168  0.293393
169  0.294333
170  0.293143
171  0.293846
172  0.294744
173  0.294759
174  0.295448
175  0.295848
176  0.294596
177  0.294438
178  0.294045
179  0.294313
180  0.294363
181  0.293834
182  0.292016
183  0.292609
184  0.292377
185  0.293327
186  0.294394
187  0.293132
188  0.29421
189  0.294592
190  0.294253
191  0.293962
192  0.292065
193  0.294117
194  0.294313
195  0.294379
196  0.294334
197  0.295023
198  0.294527
199  0.295042
200  0.294857
1  0.55973
2  0.584151
3  0.594685
4  0.599773
5  0.600259
6  0.600973
7  0.602055
8  0.603654
9  0.603124
10  0.60303
11  0.603541
12  0.603684
13  0.602451
14  0.603463
15  0.603625
16  0.603001
17  0.604702
18  0.603105
19  0.602326
20  0.602313
21  0.603635
22  0.604686
23  0.604976
24  0.604234
25  0.60375
26  0.602259
27  0.602825
28  0.604013
29  0.603458
30  0.603854
31  0.604673
32  0.604492
33  0.604367
34  0.604262
35  0.603652
36  0.603184
37  0.603506
38  0.603351
39  0.603354
40  0.604654
41  0.603756
42  0.604039
43  0.603281
44  0.602479
45  0.604625
46  0.604451
47  0.604336
48  0.60327
49  0.602649
50  0.603271
51  0.602624
52  0.602522
53  0.601378
54  0.603522
55  0.603938
56  0.601708
57  0.602259
58  0.604743
59  0.605038
60  0.604797
61  0.603127
62  0.60401
63  0.604189
64  0.604591
65  0.603772
66  0.604443
67  0.603252
68  0.604234
69  0.60418
70  0.602493
71  0.602615
72  0.604025
73  0.603667
74  0.603324
75  0.603872
76  0.603165
77  0.603143
78  0.60259
79  0.604723
80  0.603355
81  0.603373
82  0.602513
83  0.603687
84  0.604975
85  0.60453
86  0.60475
87  0.603235
88  0.60334
89  0.603261
90  0.603199
91  0.602885
92  0.601126
93  0.603004
94  0.604107
95  0.601949
96  0.603245
97  0.603399
98  0.604379
99  0.604092
100  0.603724
101  0.603788
102  0.603545
103  0.603343
104  0.603228
105  0.603394
106  0.602395
107  0.604701
108  0.603152
109  0.602767
110  0.603151
111  0.604877
112  0.604475
113  0.604006
114  0.604054
115  0.60387
116  0.604812
117  0.603762
118  0.603734
119  0.604213
120  0.603594
121  0.603812
122  0.603875
123  0.603554
124  0.601827
125  0.601808
126  0.603553
127  0.604101
128  0.603642
129  0.604013
130  0.60314
131  0.604422
132  0.604562
133  0.603543
134  0.605926
135  0.603537
136  0.604954
137  0.604791
138  0.605962
139  0.606103
140  0.605883
141  0.605633
142  0.605158
143  0.604742
144  0.605536
145  0.603276
146  0.602959
147  0.603097
148  0.602215
149  0.604971
150  0.604276
151  0.604577
152  0.602673
153  0.603263
154  0.604407
155  0.605021
156  0.605252
157  0.60541
158  0.603966
159  0.603458
160  0.604773
161  0.604624
162  0.604715
163  0.603367
164  0.602829
165  0.60497
166  0.604146
167  0.603122
168  0.602243
169  0.603845
170  0.604137
171  0.603114
172  0.604655
173  0.602266
174  0.604254
175  0.60346
176  0.603335
177  0.602936
178  0.603447
179  0.604928
180  0.604222
181  0.604547
182  0.602872
183  0.60351
184  0.604237
185  0.603442
186  0.604
187  0.60274
188  0.60352
189  0.60337
190  0.603549
191  0.60382
192  0.603828
193  0.605624
194  0.604251
195  0.604042
196  0.604452
197  0.6052
198  0.604075
199  0.603785
200  0.603108
1  0.44027
2  0.415849
3  0.405315
4  0.400227
5  0.399741
6  0.399027
7  0.397945
8  0.396346
9  0.396876
10  0.39697
11  0.396459
12  0.396316
13  0.397549
14  0.396537
15  0.396375
16  0.396999
17  0.395298
18  0.396895
19  0.397674
20  0.397687
21  0.396365
22  0.395314
23  0.395024
24  0.395766
25  0.39625
26  0.397741
27  0.397175
28  0.395987
29  0.396542
30  0.396146
31  0.395327
32  0.395508
33  0.395633
34  0.395738
35  0.396348
36  0.396816
37  0.396494
38  0.396649
39  0.396646
40  0.395346
41  0.396244
42  0.395961
43  0.396719
44  0.397521
45  0.395375
46  0.395549
47  0.395664
48  0.39673
49  0.397351
50  0.396729
51  0.397376
52  0.397478
53  0.398622
54  0.396478
55  0.396062
56  0.398292
57  0.397741
58  0.395257
59  0.394962
60  0.395203
61  0.396873
62  0.39599
63  0.395811
64  0.395409
65  0.396228
66  0.395557
67  0.396748
68  0.395766
69  0.39582
70  0.397507
71  0.397385
72  0.395975
73  0.396333
74  0.396676
75  0.396128
76  0.396835
77  0.396857
78  0.39741
79  0.395277
80  0.396645
81  0.396627
82  0.397487
83  0.396313
84  0.395025
85  0.39547
86  0.39525
87  0.396765
88  0.39666
89  0.396739
90  0.396801
91  0.397115
92  0.398874
93  0.396996
94  0.395893
95  0.398051
96  0.396755
97  0.396601
98  0.395621
99  0.395908
100  0.396276
101  0.396212
102  0.396455
103  0.396657
104  0.396772
105  0.396606
106  0.397605
107  0.395299
108  0.396848
109  0.397233
110  0.396849
111  0.395123
112  0.395525
113  0.395994
114  0.395946
115  0.39613
116  0.395188
117  0.396238
118  0.396266
119  0.395787
120  0.396406
121  0.396188
122  0.396125
123  0.396446
124  0.398173
125  0.398192
126  0.396447
127  0.395899
128  0.396358
129  0.395987
130  0.39686
131  0.395578
132  0.395438
133  0.396457
134  0.394074
135  0.396463
136  0.395046
137  0.395209
138  0.394038
139  0.393897
140  0.394117
141  0.394367
142  0.394842
143  0.395258
144  0.394464
145  0.396724
146  0.397041
147  0.396903
148  0.397785
149  0.395029
150  0.395724
151  0.395423
152  0.397327
153  0.396737
154  0.395593
155  0.394979
156  0.394748
157  0.39459
158  0.396034
159  0.396542
160  0.395227
161  0.395376
162  0.395285
163  0.396633
164  0.397171
165  0.39503
166  0.395854
167  0.396878
168  0.397757
169  0.396155
170  0.395863
171  0.396886
172  0.395345
173  0.397734
174  0.395746
175  0.39654
176  0.396665
177  0.397064
178  0.396553
179  0.395072
180  0.395778
181  0.395453
182  0.397128
183  0.39649
184  0.395763
185  0.396558
186  0.396
187  0.39726
188  0.39648
189  0.39663
190  0.396451
191  0.39618
192  0.396172
193  0.394376
194  0.395749
195  0.395958
196  0.395548
197  0.3948
198  0.395925
199  0.396215
200  0.396892
1  0.854884
2  0.908243
3  0.933124
4  0.943258
5  0.94689
6  0.946613
7  0.947606
8  0.945845
9  0.946989
10  0.946819
11  0.946863
12  0.946402
13  0.947271
14  0.947468
15  0.946059
16  0.946209
17  0.947475
18  0.946755
19  0.946791
20  0.945707
21  0.945876
22  0.946307
23  0.945679
24  0.945541
25  0.946112
26  0.946764
27  0.947525
28  0.946158
29  0.946217
30  0.94596
31  0.946913
32  0.94731
33  0.945682
34  0.947628
35  0.946538
36  0.946092
37  0.946004
38  0.946184
39  0.947138
40  0.945842
41  0.947299
42  0.946387
43  0.945731
44  0.945804
45  0.945729
46  0.945018
47  0.945712
48  0.945292
49  0.945985
50  0.945718
51  0.946298
52  0.946877
53  0.945863
54  0.944704
55  0.94558
56  0.944649
57  0.944646
58  0.945434
59  0.945738
60  0.9463
61  0.945881
62  0.944873
63  0.946287
64  0.946779
65  0.94641
66  0.945373
67  0.946537
68  0.945275
69  0.945765
70  0.946067
71  0.945937
72  0.946215
73  0.946318
74  0.945335
75  0.947591
76  0.947119
77  0.946669
78  0.946704
79  0.946316
80  0.946671
81  0.946919
82  0.94654
83  0.946889
84  0.945913
85  0.945806
86  0.945822
87  0.945708
88  0.946496
89  0.946143
90  0.945688
91  0.94477
92  0.945851
93  0.94641
94  0.946095
95  0.945218
96  0.946358
97  0.94658
98  0.945923
99  0.946115
100  0.946599
101  0.94601
102  0.945949
103  0.946652
104  0.945446
105  0.94535
106  0.945672
107  0.94695
108  0.946251
109  0.945809
110  0.946572
111  0.946408
112  0.945997
113  0.947404
114  0.946285
115  0.946199
116  0.945653
117  0.947461
118  0.946319
119  0.945396
120  0.945501
121  0.945585
122  0.946527
123  0.946448
124  0.947432
125  0.946132
126  0.945651
127  0.944681
128  0.944036
129  0.94611
130  0.945525
131  0.945065
132  0.946183
133  0.946328
134  0.947262
135  0.94748
136  0.946726
137  0.945405
138  0.945141
139  0.94583
140  0.945735
141  0.945646
142  0.945507
143  0.945093
144  0.94591
145  0.945447
146  0.945507
147  0.945731
148  0.946997
149  0.94628
150  0.946906
151  0.946927
152  0.945897
153  0.945876
154  0.945463
155  0.946465
156  0.945432
157  0.944535
158  0.945171
159  0.946669
160  0.946004
161  0.945633
162  0.945183
163  0.945066
164  0.945255
165  0.945142
166  0.945184
167  0.945075
168  0.945532
169  0.945779
170  0.946618
171  0.946294
172  0.94541
173  0.946053
174  0.946655
175  0.946436
176  0.946523
177  0.946238
178  0.94654
179  0.94612
180  0.94626
181  0.945687
182  0.945721
183  0.946006
184  0.945689
185  0.945699
186  0.946554
187  0.945733
188  0.945978
189  0.945449
190  0.944528
191  0.946381
192  0.945709
193  0.944971
194  0.945169
195  0.944934
196  0.945725
197  0.946303
198  0.945053
199  0.945956
200  0.946297
1  0.527525
2  0.373111
3  0.280925
4  0.234019
5  0.212293
6  0.201078
7  0.194769
8  0.191433
9  0.190909
10  0.193081
11  0.191559
12  0.192195
13  0.188
14  0.192247
15  0.191638
16  0.190145
17  0.191715
18  0.193227
19  0.191912
20  0.19532
21  0.19496
22  0.194435
23  0.190937
24  0.192426
25  0.190639
26  0.190699
27  0.189162
28  0.18864
29  0.189492
30  0.187702
31  0.188636
32  0.190131
33  0.192145
34  0.191716
35  0.194812
36  0.194143
37  0.192495
38  0.191191
39  0.19236
40  0.190465
41  0.190282
42  0.189236
43  0.189798
44  0.193612
45  0.192519
46  0.193262
47  0.193498
48  0.192555
49  0.19096
50  0.193613
51  0.192131
52  0.192989
53  0.191481
54  0.191384
55  0.194291
56  0.193764
57  0.193578
58  0.191348
59  0.192827
60  0.1952
61  0.193477
62  0.192136
63  0.192231
64  0.191403
65  0.192862
66  0.191807
67  0.19296
68  0.192421
69  0.193868
70  0.193753
71  0.192116
72  0.193495
73  0.195229
74  0.194594
75  0.190319
76  0.189208
77  0.19126
78  0.194082
79  0.190352
80  0.193642
81  0.193252
82  0.191668
83  0.194086
84  0.196499
85  0.195757
86  0.196026
87  0.191022
88  0.194707
89  0.191772
90  0.194785
91  0.192101
92  0.196578
93  0.195422
94  0.190455
95  0.188906
96  0.189294
97  0.188372
98  0.191121
99  0.19014
100  0.19055
101  0.192084
102  0.193025
103  0.192423
104  0.191254
105  0.190927
106  0.192209
107  0.190017
108  0.190767
109  0.194465
110  0.192034
111  0.191873
112  0.191878
113  0.192775
114  0.191109
115  0.193436
116  0.190801
117  0.190545
118  0.193107
119  0.193048
120  0.192582
121  0.191027
122  0.192133
123  0.193273
124  0.19332
125  0.194413
126  0.193392
127  0.194339
128  0.192308
129  0.190977
130  0.192606
131  0.191268
132  0.192448
133  0.190595
134  0.189432
135  0.189111
136  0.193534
137  0.191018
138  0.191136
139  0.195372
140  0.192699
141  0.193513
142  0.194838
143  0.194704
144  0.193544
145  0.193703
146  0.195638
147  0.193302
148  0.19283
149  0.192775
150  0.194151
151  0.19045
152  0.191178
153  0.189405
154  0.18936
155  0.190019
156  0.192178
157  0.193292
158  0.194581
159  0.191903
160  0.193659
161  0.192795
162  0.191679
163  0.191217
164  0.193729
165  0.194243
166  0.194478
167  0.191609
168  0.190428
169  0.192605
170  0.189865
171  0.192606
172  0.194628
173  0.193854
174  0.193868
175  0.195193
176  0.196418
177  0.190794
178  0.192072
179  0.191227
180  0.191344
181  0.190849
182  0.189959
183  0.192032
184  0.189941
185  0.190441
186  0.190057
187  0.190396
188  0.191435
189  0.193028
190  0.191716
191  0.191275
192  0.190563
193  0.190279
194  0.190256
195  0.190021
196  0.193975
197  0.193623
198  0.192771
199  0.193803
200  0.191791
1  0.145116
2  0.0917574
3  0.0668762
4  0.0567419
5  0.05311
6  0.053387
7  0.0523935
8  0.054155
9  0.0530114
10  0.0531811
11  0.0531373
12  0.0535978
13  0.0527285
14  0.0525321
15  0.0539412
16  0.0537912
17  0.0525251
18  0.0532445
19  0.0532092
20  0.0542927
21  0.0541238
22  0.0536934
23  0.054321
24  0.0544587
25  0.0538877
26  0.0532357
27  0.0524747
28  0.0538424
29  0.0537833
30  0.0540398
31  0.0530873
32  0.0526902
33  0.0543177
34  0.0523722
35  0.0534616
36  0.0539085
37  0.0539964
38  0.053816
39  0.052862
40  0.0541578
41  0.0527014
42  0.0536126
43  0.0542686
44  0.0541961
45  0.0542705
46  0.0549823
47  0.0542881
48  0.0547077
49  0.0540146
50  0.0542825
51  0.053702
52  0.0531232
53  0.0541371
54  0.0552964
55  0.0544202
56  0.0553511
57  0.0553539
58  0.054566
59  0.0542622
60  0.0536998
61  0.0541194
62  0.055127
63  0.053713
64  0.0532209
65  0.0535904
66  0.0546268
67  0.0534625
68  0.0547255
69  0.0542352
70  0.0539333
71  0.0540627
72  0.0537845
73  0.0536823
74  0.0546646
75  0.0524091
76  0.0528808
77  0.0533314
78  0.053296
79  0.0536835
80  0.0533286
81  0.0530809
82  0.0534603
83  0.0531107
84  0.054087
85  0.0541942
86  0.0541783
87  0.0542921
88  0.0535039
89  0.0538566
90  0.0543118
91  0.0552303
92  0.054149
93  0.0535904
94  0.0539046
95  0.0547817
96  0.0536422
97  0.0534199
98  0.054077
99  0.0538853
100  0.0534005
101  0.0539904
102  0.0540515
103  0.0533476
104  0.0545543
105  0.0546501
106  0.0543281
107  0.0530495
108  0.0537491
109  0.0541909
110  0.0534276
111  0.0535916
112  0.0540032
113  0.0525955
114  0.0537147
115  0.0538005
116  0.0543471
117  0.0525394
118  0.0536813
119  0.0546036
120  0.0544991
121  0.0544149
122  0.0534726
123  0.053552
124  0.0525681
125  0.0538679
126  0.0543488
127  0.0553193
128  0.0559643
129  0.0538898
130  0.0544746
131  0.0549351
132  0.053817
133  0.053672
134  0.0527381
135  0.0525199
136  0.0532739
137  0.0545951
138  0.0548594
139  0.0541695
140  0.0542645
141  0.0543536
142  0.0544932
143  0.0549068
144  0.0540904
145  0.0545534
146  0.0544931
147  0.054269
148  0.0530029
149  0.0537196
150  0.053094
151  0.0530734
152  0.0541026
153  0.054124
154  0.0545373
155  0.0535352
156  0.0545679
157  0.0554652
158  0.0548289
159  0.0533314
160  0.053996
161  0.0543671
162  0.0548167
163  0.0549337
164  0.0547446
165  0.0548576
166  0.0548157
167  0.0549254
168  0.0544684
169  0.0542214
170  0.0533824
171  0.0537061
172  0.0545899
173  0.0539474
174  0.053345
175  0.0535642
176  0.0534767
177  0.0537621
178  0.0534596
179  0.05388
180  0.0537396
181  0.0543128
182  0.0542785
183  0.0539944
184  0.0543107
185  0.0543014
186  0.053446
187  0.0542673
188  0.0540218
189  0.0545509
190  0.0554715
191  0.0536185
192  0.0542906
193  0.0550287
194  0.0548307
195  0.0550657
196  0.0542751
197  0.0536965
198  0.0549471
199  0.054044
200  0.0537027
1  0.472475
2  0.626889
3  0.719075
4  0.765981
5  0.787707
6  0.798922
7  0.805231
8  0.808567
9  0.809091
10  0.806919
11  0.808441
12  0.807805
13  0.812
14  0.807753
15  0.808362
16  0.809855
17  0.808285
18  0.806773
19  0.808088
20  0.80468
21  0.80504
22  0.805565
23  0.809063
24  0.807574
25  0.809361
26  0.809301
27  0.810838
28  0.81136
29  0.810508
30  0.812298
31  0.811364
32  0.809869
33  0.807855
34  0.808284
35  0.805188
36  0.805857
37  0.807505
38  0.808809
39  0.80764
40  0.809535
41  0.809718
42  0.810764
43  0.810202
44  0.806388
45  0.807481
46  0.806738
47  0.806502
48  0.807445
49  0.80904
50  0.806387
51  0.807869
52  0.807011
53  0.808519
54  0.808616
55  0.805709
56  0.806236
57  0.806422
58  0.808652
59  0.807173
60  0.8048
61  0.806523
62  0.807864
63  0.807769
64  0.808597
65  0.807138
66  0.808193
67  0.80704
68  0.807579
69  0.806132
70  0.806247
71  0.807884
72  0.806505
73  0.804771
74  0.805406
75  0.809681
76  0.810792
77  0.80874
78  0.805918
79  0.809648
80  0.806358
81  0.806748
82  0.808332
83  0.805914
84  0.803501
85  0.804243
86  0.803974
87  0.808978
88  0.805293
89  0.808228
90  0.805215
91  0.807899
92  0.803422
93  0.804578
94  0.809545
95  0.811094
96  0.810706
97  0.811628
98  0.808879
99  0.80986
100  0.80945
101  0.807916
102  0.806975
103  0.807577
104  0.808746
105  0.809073
106  0.807791
107  0.809983
108  0.809233
109  0.805535
110  0.807966
111  0.808127
112  0.808122
113  0.807225
114  0.808891
115  0.806564
116  0.809199
117  0.809455
118  0.806893
119  0.806952
120  0.807418
121  0.808973
122  0.807867
123  0.806727
124  0.80668
125  0.805587
126  0.806608
127  0.805661
128  0.807692
129  0.809023
130  0.807394
131  0.808732
132  0.807552
133  0.809405
134  0.810568
135  0.810889
136  0.806466
137  0.808982
138  0.808864
139  0.804628
140  0.807301
141  0.806487
142  0.805162
143  0.805296
144  0.806456
145  0.806297
146  0.804362
147  0.806698
148  0.80717
149  0.807225
150  0.805849
151  0.80955
152  0.808822
153  0.810595
154  0.81064
155  0.809981
156  0.807822
157  0.806708
158  0.805419
159  0.808097
160  0.806341
161  0.807205
162  0.808321
163  0.808783
164  0.806271
165  0.805757
166  0.805522
167  0.808391
168  0.809572
169  0.807395
170  0.810135
171  0.807394
172  0.805372
173  0.806146
174  0.806132
175  0.804807
176  0.803582
177  0.809206
178  0.807928
179  0.808773
180  0.808656
181  0.809151
182  0.810041
183  0.807968
184  0.810059
185  0.809559
186  0.809943
187  0.809604
188  0.808565
189  0.806972
190  0.808284
191  0.808725
192  0.809437
193  0.809721
194  0.809744
195  0.809979
196  0.806025
197  0.806377
198  0.807229
199  0.806197
200  0.808209
1  0.322881
2  0.31218
3  0.300462
4  0.297668
5  0.29456
6  0.293705
7  0.294887
8  0.295591
9  0.295955
10  0.297479
11  0.297581
12  0.29748
13  0.294194
14  0.294676
15  0.297215
16  0.296038
17  0.297335
18  0.29664
19  0.296335
20  0.294601
21  0.298767
22  0.297213
23  0.297132
24  0.296189
25  0.295644
26  0.295938
27  0.295901
28  0.295075
29  0.29775
30  0.297256
31  0.297884
32  0.294816
33  0.293435
34  0.29443
35  0.293846
36  0.297539
37  0.298108
38  0.296488
39  0.297699
40  0.296852
41  0.299984
42  0.299384
43  0.300456
44  0.297884
45  0.296567
46  0.296291
47  0.295738
48  0.295941
49  0.296811
50  0.297826
51  0.295709
52  0.298686
53  0.297601
54  0.296801
55  0.297087
56  0.297798
57  0.297809
58  0.296944
59  0.296516
60  0.295404
61  0.29785
62  0.295706
63  0.294607
64  0.297689
65  0.299485
66  0.296297
67  0.296002
68  0.29535
69  0.295628
70  0.295737
71  0.295474
72  0.297601
73  0.294756
74  0.297805
75  0.296621
76  0.294911
77  0.296371
78  0.297607
79  0.296565
80  0.295225
81  0.296135
82  0.29411
83  0.294552
84  0.295729
85  0.296061
86  0.296905
87  0.298314
88  0.295716
89  0.295862
90  0.295627
91  0.296163
92  0.29664
93  0.295972
94  0.29765
95  0.299
96  0.297707
97  0.295228
98  0.29489
99  0.292528
100  0.294261
101  0.294964
102  0.296471
103  0.296984
104  0.296054
105  0.296551
106  0.29692
107  0.296198
108  0.296882
109  0.297868
110  0.297475
111  0.297758
112  0.299155
113  0.295941
114  0.296626
115  0.294204
116  0.297118
117  0.294619
118  0.295567
119  0.295032
120  0.296125
121  0.296864
122  0.297041
123  0.295042
124  0.293642
125  0.296683
126  0.297835
127  0.294699
128  0.294772
129  0.296667
130  0.294921
131  0.296238
132  0.296667
133  0.293287
134  0.294678
135  0.294581
136  0.292772
137  0.295485
138  0.295014
139  0.295774
140  0.295676
141  0.291522
142  0.294168
143  0.294193
144  0.296313
145  0.298051
146  0.296259
147  0.292478
148  0.296297
149  0.295739
150  0.296111
151  0.296942
152  0.295311
153  0.295114
154  0.29544
155  0.295626
156  0.292184
157  0.295364
158  0.294846
159  0.298022
160  0.295897
161  0.296894
162  0.29659
163  0.29543
164  0.296513
165  0.297146
166  0.299202
167  0.296189
168  0.296776
169  0.297779
170  0.297333
171  0.296584
172  0.293949
173  0.29445
174  0.298154
175  0.298626
176  0.297059
177  0.296193
178  0.297697
179  0.29805
180  0.297688
181  0.297387
182  0.296992
183  0.299335
184  0.29581
185  0.300548
186  0.299132
187  0.297392
188  0.298798
189  0.298353
190  0.297473
191  0.295053
192  0.297134
193  0.296145
194  0.295187
195  0.294186
196  0.293063
197  0.293891
198  0.295212
199  0.296383
200  0.293645
1  0.486562
2  0.633171
3  0.733315
4  0.796061
5  0.829612
6  0.850641
7  0.861225
8  0.871018
9  0.87761
10  0.883017
11  0.887136
12  0.888858
13  0.889094
14  0.890013
15  0.889297
16  0.889511
17  0.892269
18  0.889653
19  0.891834
20  0.888171
21  0.890644
22  0.892576
23  0.894216
24  0.892907
25  0.891686
26  0.892804
27  0.889408
28  0.891909
29  0.891421
30  0.893314
31  0.893122
32  0.891845
33  0.892239
34  0.891033
35  0.890142
36  0.891678
37  0.891335
38  0.886254
39  0.887352
40  0.88684
41  0.891659
42  0.88932
43  0.891561
44  0.889447
45  0.890254
46  0.892616
47  0.892395
48  0.889657
49  0.891289
50  0.891279
51  0.891935
52  0.8918
53  0.891173
54  0.891207
55  0.890525
56  0.894372
57  0.89245
58  0.89045
59  0.889395
60  0.889384
61  0.890478
62  0.889997
63  0.890455
64  0.889939
65  0.891473
66  0.891058
67  0.890233
68  0.890019
69  0.892266
70  0.893892
71  0.89233
72  0.890207
73  0.890554
74  0.887699
75  0.886062
76  0.888175
77  0.88977
78  0.887804
79  0.888074
80  0.887631
81  0.892462
82  0.895043
83  0.894879
84  0.897501
85  0.896363
86  0.894587
87  0.893765
88  0.892275
89  0.89283
90  0.893667
91  0.89447
92  0.891741
93  0.891004
94  0.890158
95  0.888854
96  0.889651
97  0.89054
98  0.8912
99  0.890764
100  0.890465
101  0.887496
102  0.889512
103  0.88952
104  0.88495
105  0.886385
106  0.886867
107  0.88959
108  0.889164
109  0.891745
110  0.890349
111  0.893501
112  0.893008
113  0.893403
114  0.892909
115  0.894423
116  0.894426
117  0.89448
118  0.891029
119  0.890765
120  0.889517
121  0.889401
122  0.887989
123  0.888215
124  0.894203
125  0.893782
126  0.893282
127  0.893855
128  0.893756
129  0.89581
130  0.894428
131  0.892454
132  0.892198
133  0.892033
134  0.894095
135  0.894437
136  0.89499
137  0.893484
138  0.891783
139  0.891559
140  0.89381
141  0.893209
142  0.894028
143  0.892145
144  0.894447
145  0.893963
146  0.892786
147  0.893111
148  0.890645
149  0.890168
150  0.8922
151  0.89474
152  0.8908
153  0.891165
154  0.891957
155  0.892486
156  0.892799
157  0.892599
158  0.893921
159  0.894688
160  0.893098
161  0.894965
162  0.893843
163  0.893073
164  0.895368
165  0.895596
166  0.892118
167  0.892515
168  0.889016
169  0.890876
170  0.892438
171  0.891627
172  0.893981
173  0.891213
174  0.889507
175  0.887404
176  0.887032
177  0.890736
178  0.889158
179  0.890122
180  0.890776
181  0.890248
182  0.8861
183  0.890409
184  0.891359
185  0.892779
186  0.892941
187  0.892135
188  0.892875
189  0.893057
190  0.890167
191  0.889094
192  0.892588
193  0.893709
194  0.895731
195  0.895785
196  0.895748
197  0.894393
198  0.895745
199  0.896953
200  0.89408
1  0.239274
2  0.165239
3  0.115628
4  0.08915
5  0.0760077
6  0.0662123
7  0.0607736
8  0.0578697
9  0.0537687
10  0.0536032
11  0.052128
12  0.0514402
13  0.0531458
14  0.0533532
15  0.053198
16  0.0535844
17  0.0527447
18  0.0536343
19  0.0528039
20  0.0532224
21  0.0515713
22  0.0519554
23  0.0529318
24  0.0506912
25  0.0504548
26  0.0508315
27  0.0526447
28  0.0522383
29  0.0537682
30  0.0546344
31  0.0545424
32  0.0533975
33  0.0528937
34  0.0517745
35  0.0507783
36  0.050417
37  0.0503245
38  0.0497911
39  0.0500856
40  0.0504856
41  0.0491322
42  0.0504227
43  0.0522079
44  0.0530187
45  0.0522538
46  0.0518499
47  0.0512683
48  0.0511117
49  0.0509685
50  0.0502207
51  0.0502494
52  0.0509123
53  0.0500409
54  0.048669
55  0.0488377
56  0.0488929
57  0.0489622
58  0.0497337
59  0.0492242
60  0.0490895
61  0.0514759
62  0.0500855
63  0.0513072
64  0.0504852
65  0.0499548
66  0.0505843
67  0.0514032
68  0.0533753
69  0.0522133
70  0.0513684
71  0.0500466
72  0.050206
73  0.0504219
74  0.0505502
75  0.0501232
76  0.0492027
77  0.0493505
78  0.0503564
79  0.0501108
80  0.0500322
81  0.0496481
82  0.0502553
83  0.0490807
84  0.049001
85  0.0497245
86  0.0473788
87  0.0492292
88  0.0489332
89  0.0481417
90  0.0496692
91  0.0501811
92  0.0522358
93  0.0537425
94  0.0525464
95  0.0528156
96  0.0513544
97  0.0506386
98  0.0509377
99  0.0500665
100  0.0517429
101  0.0515199
102  0.052312
103  0.052979
104  0.0535234
105  0.0534528
106  0.0522469
107  0.0521792
108  0.0502061
109  0.0506071
110  0.0512201
111  0.0515306
112  0.0514351
113  0.0524893
114  0.0531859
115  0.0536616
116  0.0528525
117  0.0522871
118  0.0536058
119  0.0534634
120  0.0520993
121  0.050547
122  0.0510653
123  0.0511074
124  0.0522753
125  0.0528853
126  0.053323
127  0.0520569
128  0.0503041
129  0.0503998
130  0.0509932
131  0.0514142
132  0.0515774
133  0.0518404
134  0.0515739
135  0.0508581
136  0.0523868
137  0.0517742
138  0.0519132
139  0.0515607
140  0.0513774
141  0.0519601
142  0.0508521
143  0.0513019
144  0.0502615
145  0.0505594
146  0.0502349
147  0.0509885
148  0.0507132
149  0.049745
150  0.0509068
151  0.0512276
152  0.0520552
153  0.0509622
154  0.0509763
155  0.0513515
156  0.0515416
157  0.0533997
158  0.0524971
159  0.0515907
160  0.049969
161  0.0496871
162  0.0492494
163  0.0506878
164  0.0517579
165  0.0512796
166  0.0511021
167  0.0505221
168  0.0509814
169  0.0503694
170  0.0503173
171  0.0513316
172  0.0518754
173  0.0509866
174  0.0516854
175  0.0523432
176  0.0511284
177  0.0521281
178  0.0504866
179  0.0507423
180  0.0520459
181  0.0511672
182  0.050406
183  0.0491307
184  0.0486984
185  0.0481059
186  0.0480665
187  0.0493523
188  0.0497538
189  0.0502475
190  0.050017
191  0.0496033
192  0.0496672
193  0.0494887
194  0.0490834
195  0.0500108
196  0.0491122
197  0.0482143
198  0.0491146
199  0.050159
200  0.0520457
1  0.388812
2  0.446019
3  0.485889
4  0.509317
5  0.518272
6  0.514872
7  0.508918
8  0.507228
9  0.504226
10  0.501867
11  0.498078
12  0.498538
13  0.497158
14  0.498562
15  0.497905
16  0.498053
17  0.49887
18  0.498837
19  0.496294
20  0.492397
21  0.491137
22  0.49394
23  0.491159
24  0.489407
25  0.487263
26  0.480909
27  0.490006
28  0.49228
29  0.498597
30  0.494195
31  0.492713
32  0.489397
33  0.490277
34  0.491925
35  0.493475
36  0.499504
37  0.507057
38  0.499431
39  0.498877
40  0.500408
41  0.502538
42  0.499774
43  0.495634
44  0.496219
45  0.500006
46  0.498948
47  0.498327
48  0.499416
49  0.502687
50  0.50116
51  0.50145
52  0.499939
53  0.491879
54  0.493174
55  0.495904
56  0.495332
57  0.497754
58  0.492414
59  0.494823
60  0.496462
61  0.49334
62  0.495649
63  0.499187
64  0.498539
65  0.499602
66  0.496857
67  0.488646
68  0.491063
69  0.493133
70  0.497522
71  0.498039
72  0.492345
73  0.492733
74  0.497218
75  0.500899
76  0.498919
77  0.497457
78  0.499091
79  0.495546
80  0.497366
81  0.496428
82  0.49194
83  0.495709
84  0.494802
85  0.49447
86  0.494698
87  0.493084
88  0.492456
89  0.4983
90  0.501156
91  0.500812
92  0.501175
93  0.500436
94  0.497697
95  0.494672
96  0.490423
97  0.486787
98  0.491507
99  0.494156
100  0.496099
101  0.498619
102  0.496876
103  0.495493
104  0.498311
105  0.497703
106  0.495911
107  0.497064
108  0.492791
109  0.497239
110  0.498359
111  0.497733
112  0.495943
113  0.496953
114  0.492283
115  0.494736
116  0.494686
117  0.494296
118  0.498818
119  0.497065
120  0.496035
121  0.498837
122  0.498228
123  0.495564
124  0.498941
125  0.501019
126  0.499797
127  0.500011
128  0.504973
129  0.495886
130  0.492841
131  0.495076
132  0.490092
133  0.494807
134  0.489884
135  0.490278
136  0.48869
137  0.495125
138  0.495382
139  0.494266
140  0.493459
141  0.498361
142  0.492895
143  0.489438
144  0.492235
145  0.492409
146  0.490436
147  0.494607
148  0.497215
149  0.494056
150  0.496522
151  0.495719
152  0.496791
153  0.493081
154  0.498068
155  0.494251
156  0.488217
157  0.491324
158  0.491928
159  0.493604
160  0.493611
161  0.49216
162  0.496075
163  0.495752
164  0.493186
165  0.492879
166  0.495739
167  0.495601
168  0.499641
169  0.504621
170  0.49561
171  0.494863
172  0.494671
173  0.494464
174  0.494577
175  0.492262
176  0.494738
177  0.487339
178  0.492848
179  0.497054
180  0.495253
181  0.493406
182  0.496223
183  0.497241
184  0.495113
185  0.494949
186  0.490171
187  0.493113
188  0.496751
189  0.499991
190  0.503461
191  0.501105
192  0.496055
193  0.495805
194  0.496207
195  0.498157
196  0.499416
197  0.494792
198  0.49369
199  0.495647
200  0.494262
1  0.343025
2  0.359514
3  0.374628
4  0.384906
5  0.394899
6  0.399138
7  0.401396
8  0.403867
9  0.404563
10  0.403273
11  0.401756
12  0.403814
13  0.403567
14  0.406498
15  0.404802
16  0.404128
17  0.404502
18  0.405857
19  0.403177
20  0.405685
21  0.401508
22  0.401271
23  0.40429
24  0.402846
25  0.404464
26  0.406806
27  0.403759
28  0.405352
29  0.403221
30  0.402756
31  0.404293
32  0.404975
33  0.404577
34  0.404173
35  0.408254
36  0.404537
37  0.403309
38  0.407936
39  0.407617
40  0.405155
41  0.404576
42  0.403029
43  0.404825
44  0.405576
45  0.407266
46  0.407183
47  0.405936
48  0.405204
49  0.407604
50  0.405548
51  0.407333
52  0.404118
53  0.404564
54  0.406061
55  0.404223
56  0.403551
57  0.405081
58  0.404213
59  0.404521
60  0.403759
61  0.402024
62  0.404531
63  0.405034
64  0.404786
65  0.403937
66  0.40405
67  0.403142
68  0.403765
69  0.406426
70  0.406203
71  0.405307
72  0.405095
73  0.406236
74  0.404473
75  0.405697
76  0.407499
77  0.405236
78  0.405133
79  0.402996
80  0.403342
81  0.402265
82  0.403399
83  0.403554
84  0.405171
85  0.404826
86  0.403665
87  0.405211
88  0.405644
89  0.404891
90  0.406257
91  0.403553
92  0.404388
93  0.404783
94  0.40451
95  0.4039
96  0.404494
97  0.408787
98  0.406094
99  0.4081
100  0.406712
101  0.4053
102  0.406903
103  0.406429
104  0.406297
105  0.406446
106  0.405957
107  0.405932
108  0.406846
109  0.40483
110  0.40469
111  0.404633
112  0.403075
113  0.406671
114  0.40508
115  0.407967
116  0.406864
117  0.406695
118  0.407147
119  0.409318
120  0.406566
121  0.405713
122  0.404718
123  0.40555
124  0.408004
125  0.403357
126  0.404634
127  0.406852
128  0.406637
129  0.405877
130  0.404547
131  0.407515
132  0.405606
133  0.408841
134  0.406612
135  0.404091
136  0.406097
137  0.402608
138  0.40319
139  0.403613
140  0.403977
141  0.405806
142  0.406732
143  0.407358
144  0.403658
145  0.402611
146  0.406367
147  0.407053
148  0.402917
149  0.403451
150  0.403605
151  0.404235
152  0.403144
153  0.405396
154  0.406569
155  0.404598
156  0.40539
157  0.403551
158  0.404044
159  0.400972
160  0.4049
161  0.402909
162  0.403291
163  0.40491
164  0.403352
165  0.402864
166  0.40415
167  0.404719
168  0.401856
169  0.401223
170  0.402896
171  0.40349
172  0.406176
173  0.40429
174  0.406018
175  0.40477
176  0.403712
177  0.404309
178  0.403533
179  0.406215
180  0.404556
181  0.405398
182  0.405052
183  0.403189
184  0.405258
185  0.402145
186  0.403305
187  0.403901
188  0.401388
189  0.403684
190  0.403799
191  0.409119
192  0.406558
193  0.407573
194  0.406524
195  0.405866
196  0.406598
197  0.408205
198  0.405995
199  0.404029
200  0.404606
1  0.269554
2  0.216526
3  0.176307
4  0.143176
5  0.125196
6  0.113155
7  0.105746
8  0.099004
9  0.0923866
10  0.0885628
11  0.0859305
12  0.0850937
13  0.0863311
14  0.0861149
15  0.0875925
16  0.0880691
17  0.0863143
18  0.0881111
19  0.0861417
20  0.0891057
21  0.0859795
22  0.0840863
23  0.0836054
24  0.0841837
25  0.0848522
26  0.0829626
27  0.0858939
28  0.0845284
29  0.0843907
30  0.0838041
31  0.0846314
32  0.0851466
33  0.0858495
34  0.0856046
35  0.0856759
36  0.0839915
37  0.0843649
38  0.0881337
39  0.0876668
40  0.0884111
41  0.0838602
42  0.0871225
43  0.0854135
44  0.0868775
45  0.0871785
46  0.0860008
47  0.0856667
48  0.0875756
49  0.0867679
50  0.0877516
51  0.0872013
52  0.0864232
53  0.086512
54  0.0877126
55  0.0880893
56  0.084671
57  0.085949
58  0.0861544
59  0.0867131
60  0.085522
61  0.0840226
62  0.0847635
63  0.0848248
64  0.0850529
65  0.0844205
66  0.0845105
67  0.0842192
68  0.0862182
69  0.0845308
70  0.0832246
71  0.0832049
72  0.0854273
73  0.0849768
74  0.0881526
75  0.089753
76  0.0887825
77  0.08772
78  0.0893673
79  0.0879559
80  0.0879035
81  0.0830204
82  0.0810535
83  0.0820984
84  0.0812249
85  0.0809045
86  0.0826748
87  0.0841161
88  0.0848982
89  0.083776
90  0.0832058
91  0.0813872
92  0.0831382
93  0.0847614
94  0.0860185
95  0.0880977
96  0.0861109
97  0.0847619
98  0.087308
99  0.0872431
100  0.0878761
101  0.0898436
102  0.0864325
103  0.0875274
104  0.0905315
105  0.0898433
106  0.0905236
107  0.0892302
108  0.0891282
109  0.0879465
110  0.0890466
111  0.0858849
112  0.0855577
113  0.0835087
114  0.0842719
115  0.0837844
116  0.0825674
117  0.08227
118  0.0851373
119  0.0852544
120  0.0855464
121  0.088314
122  0.0894283
123  0.0892572
124  0.0847828
125  0.0840134
126  0.0845004
127  0.0837543
128  0.0841469
129  0.0820391
130  0.0817908
131  0.0848621
132  0.0855638
133  0.0851638
134  0.0845311
135  0.0844232
136  0.0847067
137  0.0846282
138  0.0850109
139  0.0853369
140  0.0833931
141  0.0839776
142  0.0835581
143  0.0850832
144  0.0833196
145  0.0835145
146  0.08299
147  0.0834085
148  0.0846488
149  0.0855275
150  0.084567
151  0.0838676
152  0.0876297
153  0.0873186
154  0.0856956
155  0.0855345
156  0.0859954
157  0.0855662
158  0.0834701
159  0.0841191
160  0.0854847
161  0.0837201
162  0.0845586
163  0.0863258
164  0.0846842
165  0.0835738
166  0.0864297
167  0.0856112
168  0.0881495
169  0.0867957
170  0.0853382
171  0.0860093
172  0.0837656
173  0.0867644
174  0.0872588
175  0.0893974
176  0.0900389
177  0.0862235
178  0.0880022
179  0.0871053
180  0.0867358
181  0.087744
182  0.0902144
183  0.0870301
184  0.0866331
185  0.0861247
186  0.0861416
187  0.0871069
188  0.0858315
189  0.0845803
190  0.0872601
191  0.0877145
192  0.0851717
193  0.0844797
194  0.0826934
195  0.082956
196  0.0825466
197  0.0835749
198  0.081726
199  0.0823
200  0.0844805
1  0.308177
2  0.285831
3  0.270952
4  0.259627
5  0.256846
6  0.253062
7  0.253257
8  0.251737
9  0.251024
10  0.251937
11  0.252279
12  0.253705
13  0.252012
14  0.248781
15  0.249093
16  0.249759
17  0.248189
18  0.247809
19  0.246881
20  0.248827
21  0.250615
22  0.251275
23  0.251334
24  0.25035
25  0.25113
26  0.249626
27  0.249765
28  0.247969
29  0.249613
30  0.247919
31  0.249473
32  0.247577
33  0.248267
34  0.249194
35  0.248773
36  0.248435
37  0.250295
38  0.249825
39  0.249276
40  0.249936
41  0.253141
42  0.252155
43  0.247053
44  0.244517
45  0.245721
46  0.242804
47  0.242662
48  0.246784
49  0.247845
50  0.250732
51  0.249632
52  0.248876
53  0.247438
54  0.252066
55  0.250785
56  0.251641
57  0.251375
58  0.25116
59  0.253587
60  0.251897
61  0.247841
62  0.250565
63  0.24873
64  0.247901
65  0.251374
66  0.250168
67  0.247074
68  0.245993
69  0.246972
70  0.247088
71  0.248047
72  0.248591
73  0.247402
74  0.248581
75  0.251557
76  0.250227
77  0.249581
78  0.250475
79  0.250897
80  0.253217
81  0.25278
82  0.256083
83  0.252502
84  0.251779
85  0.249947
86  0.250837
87  0.248941
88  0.248602
89  0.248146
90  0.251847
91  0.25336
92  0.253505
93  0.253268
94  0.251263
95  0.24772
96  0.251109
97  0.251081
98  0.249329
99  0.249021
100  0.249026
101  0.248361
102  0.247534
103  0.245627
104  0.2463
105  0.249149
106  0.246921
107  0.246158
108  0.244232
109  0.24748
110  0.249243
111  0.25045
112  0.249314
113  0.246482
114  0.245333
115  0.242347
116  0.245138
117  0.243913
118  0.245563
119  0.24959
120  0.245979
121  0.24913
122  0.252337
123  0.24967
124  0.248043
125  0.246167
126  0.247558
127  0.251159
128  0.251968
129  0.248881
130  0.248418
131  0.248885
132  0.249269
133  0.250721
134  0.250152
135  0.24973
136  0.250225
137  0.25178
138  0.250798
139  0.251832
140  0.250937
141  0.249383
142  0.248734
143  0.250559
144  0.251798
145  0.250024
146  0.24932
147  0.253448
148  0.253271
149  0.252597
150  0.25017
151  0.249911
152  0.248523
153  0.248204
154  0.253256
155  0.250912
156  0.250831
157  0.253119
158  0.252507
159  0.25375
160  0.256037
161  0.254409
162  0.252394
163  0.252436
164  0.250657
165  0.251915
166  0.251588
167  0.252209
168  0.253393
169  0.254709
170  0.251872
171  0.249005
172  0.252034
173  0.251772
174  0.248756
175  0.248684
176  0.248474
177  0.247869
178  0.248477
179  0.249405
180  0.249032
181  0.250448
182  0.251902
183  0.252692
184  0.254836
185  0.252657
186  0.254919
187  0.254487
188  0.254531
189  0.251772
190  0.25031
191  0.250952
192  0.24951
193  0.250857
194  0.250081
195  0.25296
196  0.251155
197  0.253915
198  0.250462
199  0.250788
200  0.24815
1  0.284606
2  0.264544
3  0.261566
4  0.263883
5  0.272797
6  0.276306
7  0.28342
8  0.284553
9  0.286485
10  0.287163
11  0.291747
12  0.292407
13  0.296735
14  0.295829
15  0.293822
16  0.293607
17  0.296104
18  0.29971
19  0.297113
20  0.297676
21  0.299816
22  0.298094
23  0.299223
24  0.297943
25  0.299652
26  0.303303
27  0.298015
28  0.297476
29  0.295608
30  0.299115
31  0.30034
32  0.302921
33  0.303128
34  0.301039
35  0.300228
36  0.295586
37  0.291027
38  0.292827
39  0.294659
40  0.295446
41  0.288755
42  0.28966
43  0.295162
44  0.293778
45  0.295806
46  0.296795
47  0.298881
48  0.29699
49  0.289176
50  0.291328
51  0.289602
52  0.290666
53  0.299442
54  0.298632
55  0.294341
56  0.295146
57  0.293722
58  0.298061
59  0.295538
60  0.296768
61  0.299439
62  0.298066
63  0.295898
64  0.298086
65  0.296927
66  0.298346
67  0.300862
68  0.303818
69  0.301127
70  0.303355
71  0.302475
72  0.301592
73  0.301104
74  0.292368
75  0.295856
76  0.295071
77  0.297605
78  0.297955
79  0.294527
80  0.29526
81  0.293756
82  0.299978
83  0.297531
84  0.299874
85  0.300705
86  0.301836
87  0.302936
88  0.301734
89  0.293774
90  0.293551
91  0.294185
92  0.294879
93  0.293463
94  0.29796
95  0.295849
96  0.30304
97  0.304294
98  0.301046
99  0.301962
100  0.296233
101  0.29594
102  0.296565
103  0.294789
104  0.29433
105  0.29503
106  0.294211
107  0.295347
108  0.297051
109  0.294997
110  0.293215
111  0.294892
112  0.298227
113  0.29894
114  0.30431
115  0.298467
116  0.301486
117  0.30107
118  0.294494
119  0.295298
120  0.294377
121  0.295112
122  0.295354
123  0.292773
124  0.291933
125  0.290125
126  0.291522
127  0.29293
128  0.29701
129  0.301551
130  0.302622
131  0.300309
132  0.301284
133  0.300419
134  0.301444
135  0.304073
136  0.304512
137  0.29607
138  0.294756
139  0.298344
140  0.298702
141  0.297156
142  0.302567
143  0.301596
144  0.296097
145  0.29766
146  0.298758
147  0.298912
148  0.295053
149  0.29814
150  0.292407
151  0.299696
152  0.296556
153  0.293726
154  0.290906
155  0.294818
156  0.299332
157  0.299372
158  0.294809
159  0.298362
160  0.300094
161  0.2973
162  0.297397
163  0.298315
164  0.297708
165  0.295887
166  0.293362
167  0.292276
168  0.291456
169  0.290825
170  0.293772
171  0.294362
172  0.294626
173  0.293081
174  0.294594
175  0.29569
176  0.296262
177  0.29966
178  0.295921
179  0.292567
180  0.294596
181  0.294096
182  0.296316
183  0.294011
184  0.29467
185  0.295601
186  0.301016
187  0.300297
188  0.297677
189  0.296198
190  0.292311
191  0.295985
192  0.297764
193  0.295419
194  0.292069
195  0.290431
196  0.295413
197  0.300794
198  0.299984
199  0.298824
200  0.297311
1  0.334095
2  0.328306
3  0.324909
4  0.317426
5  0.310541
6  0.307157
7  0.303717
8  0.300541
9  0.299482
10  0.299248
11  0.300663
12  0.298706
13  0.302239
14  0.298826
15  0.297983
16  0.299834
17  0.298162
18  0.297503
19  0.300489
20  0.299714
21  0.299725
22  0.301516
23  0.298578
24  0.300966
25  0.299891
26  0.297256
27  0.30034
28  0.299574
29  0.299029
30  0.299989
31  0.297823
32  0.300209
33  0.301988
34  0.301398
35  0.2979
36  0.297924
37  0.298583
38  0.295575
39  0.294684
40  0.297994
41  0.295439
42  0.297587
43  0.294719
44  0.29654
45  0.296167
46  0.296526
47  0.298326
48  0.298855
49  0.295585
50  0.296625
51  0.296958
52  0.297196
53  0.297835
54  0.297139
55  0.29869
56  0.298651
57  0.297111
58  0.298842
59  0.298963
60  0.300837
61  0.300126
62  0.299763
63  0.300359
64  0.297525
65  0.296578
66  0.299653
67  0.300856
68  0.300885
69  0.297947
70  0.298059
71  0.299218
72  0.297304
73  0.299008
74  0.297722
75  0.297683
76  0.29759
77  0.298393
78  0.29726
79  0.300439
80  0.301433
81  0.3016
82  0.302492
83  0.301894
84  0.2991
85  0.299113
86  0.29943
87  0.296475
88  0.298641
89  0.299247
90  0.298116
91  0.300284
92  0.298972
93  0.299245
94  0.29784
95  0.2971
96  0.297799
97  0.295985
98  0.299016
99  0.299372
100  0.299027
101  0.299736
102  0.296626
103  0.296587
104  0.297649
105  0.297002
106  0.297124
107  0.29787
108  0.296272
109  0.297302
110  0.297835
111  0.297609
112  0.29777
113  0.297387
114  0.298294
115  0.29783
116  0.296018
117  0.298686
118  0.297286
119  0.29565
120  0.297309
121  0.297423
122  0.298241
123  0.299409
124  0.298354
125  0.299959
126  0.297531
127  0.298449
128  0.298591
129  0.297456
130  0.300533
131  0.296247
132  0.297726
133  0.297871
134  0.29871
135  0.301329
136  0.301131
137  0.301907
138  0.301797
139  0.300612
140  0.300347
141  0.302673
142  0.2991
143  0.298449
144  0.300029
145  0.299338
146  0.297374
147  0.300469
148  0.300786
149  0.30081
150  0.300284
151  0.298823
152  0.301545
153  0.29949
154  0.29799
155  0.299776
156  0.302426
157  0.301085
158  0.30111
159  0.301006
160  0.299203
161  0.300197
162  0.30012
163  0.29966
164  0.300135
165  0.29999
166  0.296648
167  0.299092
168  0.301368
169  0.300999
170  0.299771
171  0.299926
172  0.299875
173  0.30126
174  0.295828
175  0.296604
176  0.299229
177  0.299498
178  0.29877
179  0.295735
180  0.297756
181  0.297215
182  0.297956
183  0.297475
184  0.298932
185  0.297307
186  0.297564
187  0.298707
188  0.299813
189  0.297962
190  0.298728
191  0.295828
192  0.296307
193  0.296281
194  0.298289
195  0.299948
196  0.300339
197  0.297904
198  0.298793
199  0.299589
200  0.301748
1  0.243883
2  0.150303
3  0.0903777
4  0.0607628
5  0.0451925
6  0.0362039
7  0.0330284
8  0.0299775
9  0.0300031
10  0.02842
11  0.0269338
12  0.0260484
13  0.0245749
14  0.0238719
15  0.0231103
16  0.0224202
17  0.0214167
18  0.0222362
19  0.0220247
20  0.0227232
21  0.0233769
22  0.0233373
23  0.0221784
24  0.0229089
25  0.023462
26  0.0242329
27  0.0246983
28  0.023563
29  0.0241882
30  0.0228818
31  0.0222468
32  0.023008
33  0.0219115
34  0.0233623
35  0.0241821
36  0.0243303
37  0.0242998
38  0.0256119
39  0.0249812
40  0.0247492
41  0.0244808
42  0.0235571
43  0.0230253
44  0.0236757
45  0.0225671
46  0.0213832
47  0.0219387
48  0.022767
49  0.0219431
50  0.0209691
51  0.0208635
52  0.0217772
53  0.0223152
54  0.0210805
55  0.0213852
56  0.0209569
57  0.0216011
58  0.0233952
59  0.0238917
60  0.025094
61  0.0254997
62  0.0252395
63  0.0247203
64  0.025008
65  0.0241068
66  0.0244317
67  0.0255473
68  0.0237631
69  0.0232034
70  0.0228835
71  0.0244656
72  0.0243658
73  0.024469
74  0.0241482
75  0.0241848
76  0.0230428
77  0.02251
78  0.0228285
79  0.0239704
80  0.0244651
81  0.0245177
82  0.0239038
83  0.0230223
84  0.0212745
85  0.0227325
86  0.022738
87  0.022119
88  0.022827
89  0.0233944
90  0.0231269
91  0.0241427
92  0.0251209
93  0.0242346
94  0.0238237
95  0.0230478
96  0.0242383
97  0.0246981
98  0.021492
99  0.0219924
100  0.0216585
101  0.0226605
102  0.0240559
103  0.0229529
104  0.024519
105  0.023772
106  0.0226091
107  0.0211797
108  0.0217075
109  0.020308
110  0.0206042
111  0.0206138
112  0.0214344
113  0.0230887
114  0.0228189
115  0.0217931
116  0.0230064
117  0.0232505
118  0.0238337
119  0.0239805
120  0.0249368
121  0.0222846
122  0.0225828
123  0.0225282
124  0.0210138
125  0.0222049
126  0.0222173
127  0.0223909
128  0.0220969
129  0.0221513
130  0.0237807
131  0.0226839
132  0.0222381
133  0.0228029
134  0.0213736
135  0.0211402
136  0.0203028
137  0.0218881
138  0.0232058
139  0.0231038
140  0.0227965
141  0.0228134
142  0.0224135
143  0.022772
144  0.0222329
145  0.0225228
146  0.0242245
147  0.0234809
148  0.0247058
149  0.0243042
150  0.0232334
151  0.0213924
152  0.0215705
153  0.021516
154  0.022347
155  0.0219792
156  0.0212055
157  0.0218343
158  0.0226087
159  0.021193
160  0.0214172
161  0.0213147
162  0.021598
163  0.0206012
164  0.0199481
165  0.0208302
166  0.021452
167  0.0218738
168  0.0228348
169  0.0223281
170  0.0222234
171  0.0223642
172  0.0222535
173  0.022023
174  0.0232342
175  0.0231982
176  0.0229292
177  0.02304
178  0.0228402
179  0.0227727
180  0.0224883
181  0.0220084
182  0.0236856
183  0.0225611
184  0.0220075
185  0.0210967
186  0.0209175
187  0.0207582
188  0.0212939
189  0.0223626
190  0.0225732
191  0.0231915
192  0.0222403
193  0.0218115
194  0.0215759
195  0.021259
196  0.0217058
197  0.0220319
198  0.0225286
199  0.0207473
200  0.0214396
1  0.452549
2  0.54893
3  0.61342
4  0.651223
5  0.667146
6  0.680726
7  0.685969
8  0.690393
9  0.695207
10  0.69446
11  0.695593
12  0.694855
13  0.694843
14  0.697865
15  0.697709
16  0.696657
17  0.699066
18  0.698557
19  0.700315
20  0.69795
21  0.697813
22  0.69677
23  0.695735
24  0.698959
25  0.698415
26  0.699543
27  0.69759
28  0.699792
29  0.696619
30  0.697446
31  0.695984
32  0.699025
33  0.698839
34  0.699031
35  0.700449
36  0.701148
37  0.69938
38  0.700384
39  0.700638
40  0.699578
41  0.697727
42  0.697423
43  0.700739
44  0.702464
45  0.702025
46  0.705347
47  0.70607
48  0.702105
49  0.701186
50  0.699047
51  0.700119
52  0.700212
53  0.702521
54  0.699265
55  0.700377
56  0.699466
57  0.699663
58  0.699106
59  0.697188
60  0.699014
61  0.700683
62  0.699349
63  0.699963
64  0.701613
65  0.698671
66  0.699247
67  0.701523
68  0.700632
69  0.700814
70  0.701544
71  0.701906
72  0.701203
73  0.702177
74  0.700869
75  0.69832
76  0.70057
77  0.701069
78  0.699168
79  0.698992
80  0.696751
81  0.697572
82  0.693662
83  0.698417
84  0.69922
85  0.700329
86  0.701784
87  0.70183
88  0.702465
89  0.703712
90  0.698484
91  0.696459
92  0.694259
93  0.692989
94  0.696191
95  0.699464
96  0.697537
97  0.698281
98  0.699734
99  0.700913
100  0.699231
101  0.70012
102  0.700154
103  0.701394
104  0.700176
105  0.697398
106  0.700832
107  0.701662
108  0.705562
109  0.701913
110  0.699537
111  0.698019
112  0.699251
113  0.701029
114  0.701481
115  0.703992
116  0.70201
117  0.7038
118  0.700831
119  0.696947
120  0.701922
121  0.700323
122  0.696597
123  0.699223
124  0.699682
125  0.700947
126  0.699119
127  0.696784
128  0.697728
129  0.700719
130  0.700589
131  0.699701
132  0.699153
133  0.697438
134  0.698274
135  0.699412
136  0.697388
137  0.696446
138  0.697289
139  0.696607
140  0.697686
141  0.698657
142  0.700414
143  0.698139
144  0.697941
145  0.699417
146  0.700445
147  0.695563
148  0.696016
149  0.697658
150  0.698923
151  0.698862
152  0.699422
153  0.700833
154  0.695767
155  0.697736
156  0.697628
157  0.693482
158  0.694996
159  0.69466
160  0.693994
161  0.695904
162  0.698357
163  0.696876
164  0.697585
165  0.696806
166  0.69731
167  0.697269
168  0.695625
169  0.694921
170  0.697811
171  0.699664
172  0.69609
173  0.697241
174  0.699559
175  0.698972
176  0.700397
177  0.700002
178  0.701037
179  0.699852
180  0.698923
181  0.698385
182  0.697692
183  0.698178
184  0.696466
185  0.699237
186  0.697015
187  0.696161
188  0.695715
189  0.697981
190  0.699673
191  0.699444
192  0.700822
193  0.699654
194  0.700836
195  0.697029
196  0.699733
197  0.69787
198  0.700424
199  0.699053
200  0.699804
1  0.326582
2  0.289437
3  0.252545
4  0.2268
5  0.208931
6  0.208823
7  0.207662
8  0.208219
9  0.209289
10  0.21097
11  0.210174
12  0.209055
13  0.206107
14  0.20561
15  0.208273
16  0.20834
17  0.205026
18  0.201452
19  0.206593
20  0.209927
21  0.209047
22  0.207966
23  0.209618
24  0.212649
25  0.213085
26  0.215788
27  0.211979
28  0.210243
29  0.205795
30  0.20669
31  0.206947
32  0.207682
33  0.206595
34  0.207036
35  0.206297
36  0.20491
37  0.201915
38  0.207742
39  0.206464
40  0.204146
41  0.208707
42  0.210566
43  0.209204
44  0.210003
45  0.204188
46  0.204257
47  0.202792
48  0.203594
49  0.208137
50  0.207512
51  0.208948
52  0.209395
53  0.20868
54  0.208194
55  0.209754
56  0.209522
57  0.208524
58  0.209525
59  0.209639
60  0.206769
61  0.207221
62  0.206285
63  0.204914
64  0.203375
65  0.203471
66  0.204797
67  0.210493
68  0.205119
69  0.20574
70  0.199123
71  0.199486
72  0.206063
73  0.206163
74  0.210414
75  0.203244
76  0.20601
77  0.204938
78  0.202954
79  0.209926
80  0.207374
81  0.209816
82  0.208081
83  0.206761
84  0.205324
85  0.204825
86  0.203466
87  0.20398
88  0.205809
89  0.207925
90  0.205294
91  0.205003
92  0.203945
93  0.206101
94  0.204344
95  0.209479
96  0.206537
97  0.208919
98  0.207447
99  0.203882
100  0.207668
101  0.205441
102  0.206559
103  0.209718
104  0.207358
105  0.207267
106  0.209878
107  0.207589
108  0.210158
109  0.207764
110  0.208425
111  0.207375
112  0.20583
113  0.204107
114  0.203407
115  0.206797
116  0.203828
117  0.204634
118  0.206688
119  0.207637
120  0.209588
121  0.206051
122  0.206418
123  0.211663
124  0.209126
125  0.208856
126  0.208681
127  0.207059
128  0.198017
129  0.202563
130  0.204537
131  0.204615
132  0.208624
133  0.204774
134  0.208672
135  0.205649
136  0.206798
137  0.208805
138  0.209863
139  0.20739
140  0.207839
141  0.204483
142  0.204538
143  0.208966
144  0.211668
145  0.209932
146  0.210806
147  0.206481
148  0.207732
149  0.207804
150  0.211071
151  0.204585
152  0.206653
153  0.213193
154  0.211026
155  0.210931
156  0.212452
157  0.209305
158  0.213262
159  0.208034
160  0.206295
161  0.21054
162  0.206528
163  0.205934
164  0.209106
165  0.211234
166  0.210898
167  0.212123
168  0.208903
169  0.204554
170  0.210619
171  0.210776
172  0.210703
173  0.212455
174  0.210829
175  0.212048
176  0.208999
177  0.213001
178  0.211231
179  0.210379
180  0.210151
181  0.212498
182  0.207461
183  0.208748
184  0.210217
185  0.20945
186  0.208814
187  0.20659
188  0.205572
189  0.203811
190  0.204228
191  0.202909
192  0.206181
193  0.208775
194  0.211724
195  0.211412
196  0.205171
197  0.204414
198  0.206326
199  0.205529
200  0.208427
1  0.296897
2  0.192704
3  0.142194
4  0.120734
5  0.11034
6  0.106011
7  0.106521
8  0.104068
9  0.101274
10  0.101191
11  0.104699
12  0.103181
13  0.10141
14  0.101694
15  0.101765
16  0.10221
17  0.102951
18  0.104353
19  0.103249
20  0.102018
21  0.101751
22  0.0998867
23  0.099992
24  0.102767
25  0.100839
26  0.102699
27  0.103501
28  0.102592
29  0.102444
30  0.104185
31  0.10387
32  0.103347
33  0.10156
34  0.0998877
35  0.100302
36  0.103361
37  0.104244
38  0.103488
39  0.103095
40  0.103062
41  0.101266
42  0.102143
43  0.103127
44  0.103878
45  0.102794
46  0.101948
47  0.100561
48  0.100198
49  0.0997924
50  0.100845
51  0.102081
52  0.102323
53  0.102813
54  0.103201
55  0.100534
56  0.100566
57  0.102458
58  0.103578
59  0.102193
60  0.101832
61  0.102646
62  0.101969
63  0.102356
64  0.102722
65  0.104738
66  0.104664
67  0.104613
68  0.103393
69  0.103503
70  0.10323
71  0.104907
72  0.102272
73  0.103227
74  0.102172
75  0.103196
76  0.10246
77  0.103291
78  0.103388
79  0.1037
80  0.102508
81  0.102225
82  0.101919
83  0.102745
84  0.104491
85  0.102392
86  0.105154
87  0.10374
88  0.104919
89  0.100467
90  0.101092
91  0.0997894
92  0.103473
93  0.10171
94  0.101216
95  0.0996174
96  0.101734
97  0.0995092
98  0.102119
99  0.104104
100  0.10472
101  0.102113
102  0.102514
103  0.101643
104  0.102364
105  0.101937
106  0.101595
107  0.100444
108  0.105418
109  0.103549
110  0.103686
111  0.102235
112  0.101198
113  0.101491
114  0.102164
115  0.102387
116  0.104355
117  0.102004
118  0.103084
119  0.101871
120  0.103403
121  0.102322
122  0.103207
123  0.102466
124  0.103293
125  0.104532
126  0.10533
127  0.104144
128  0.104814
129  0.104698
130  0.106104
131  0.103218
132  0.103839
133  0.103032
134  0.102654
135  0.101179
136  0.103556
137  0.100532
138  0.100708
139  0.100947
140  0.099684
141  0.0988118
142  0.0994162
143  0.100016
144  0.098694
145  0.101759
146  0.1022
147  0.102116
148  0.100641
149  0.102664
150  0.100902
151  0.102175
152  0.102232
153  0.103866
154  0.104901
155  0.104339
156  0.105219
157  0.10341
158  0.103599
159  0.102275
160  0.102615
161  0.103185
162  0.102295
163  0.103924
164  0.102517
165  0.101977
166  0.10102
167  0.100256
168  0.100155
169  0.100581
170  0.10308
171  0.10296
172  0.102255
173  0.102
174  0.101654
175  0.103526
176  0.102206
177  0.101837
178  0.102086
179  0.10165
180  0.102873
181  0.101063
182  0.100962
183  0.101981
184  0.101729
185  0.102247
186  0.101568
187  0.103344
188  0.103663
189  0.102353
190  0.103956
191  0.102993
192  0.101742
193  0.103016
194  0.102406
195  0.104292
196  0.102912
197  0.100559
198  0.10174
199  0.102052
200  0.101337
1  0.453572
2  0.428755
3  0.420306
4  0.408983
5  0.408124
6  0.406203
7  0.402714
8  0.401144
9  0.403046
10  0.404139
11  0.401392
12  0.40743
13  0.40173
14  0.403657
15  0.401717
16  0.401862
17  0.400083
18  0.400148
19  0.400183
20  0.40563
21  0.401738
22  0.402084
23  0.403369
24  0.400249
25  0.396101
26  0.399852
27  0.401345
28  0.401306
29  0.401297
30  0.404363
31  0.402072
32  0.399919
33  0.401203
34  0.405801
35  0.403284
36  0.403893
37  0.403009
38  0.404143
39  0.402842
40  0.404948
41  0.403264
42  0.404644
43  0.403975
44  0.407393
45  0.404753
46  0.407184
47  0.402685
48  0.404087
49  0.40127
50  0.404816
51  0.408142
52  0.40211
53  0.401287
54  0.405064
55  0.404257
56  0.406225
57  0.403923
58  0.405056
59  0.409399
60  0.407365
61  0.405783
62  0.401654
63  0.407164
64  0.404804
65  0.405456
66  0.401291
67  0.39822
68  0.398634
69  0.402004
70  0.404629
71  0.398524
72  0.406866
73  0.403583
74  0.401206
75  0.403099
76  0.400687
77  0.400334
78  0.401799
79  0.402503
80  0.400437
81  0.401376
82  0.400906
83  0.401675
84  0.400933
85  0.400823
86  0.399863
87  0.40082
88  0.409909
89  0.404853
90  0.403803
91  0.4053
92  0.401137
93  0.40923
94  0.40556
95  0.401979
96  0.405708
97  0.403337
98  0.401171
99  0.403494
100  0.401807
101  0.402008
102  0.402358
103  0.401215
104  0.402578
105  0.402931
106  0.403054
107  0.402407
108  0.403127
109  0.402779
110  0.404414
111  0.403069
112  0.404563
113  0.403514
114  0.397955
115  0.400504
116  0.402526
117  0.403418
118  0.40252
119  0.4028
120  0.402496
121  0.403901
122  0.400889
123  0.404671
124  0.403331
125  0.400341
126  0.40609
127  0.400872
128  0.400622
129  0.398942
130  0.402526
131  0.404463
132  0.406166
133  0.407098
134  0.404986
135  0.407289
136  0.40353
137  0.402404
138  0.405183
139  0.404001
140  0.401072
141  0.402215
142  0.405067
143  0.406057
144  0.404536
145  0.401864
146  0.403537
147  0.401857
148  0.405049
149  0.402731
150  0.406452
151  0.403371
152  0.400213
153  0.398036
154  0.403932
155  0.401611
156  0.402158
157  0.400627
158  0.400567
159  0.403323
160  0.403254
161  0.400217
162  0.403647
163  0.405588
164  0.402138
165  0.402321
166  0.405439
167  0.404563
168  0.406668
169  0.404628
170  0.400054
171  0.39944
172  0.398757
173  0.40381
174  0.40279
175  0.40318
176  0.400374
177  0.399276
178  0.401516
179  0.402716
180  0.402228
181  0.398745
182  0.401935
183  0.39708
184  0.401108
185  0.405176
186  0.40462
187  0.40151
188  0.402958
189  0.40114
190  0.402455
191  0.402128
192  0.404556
193  0.404004
194  0.404166
195  0.4044
196  0.406242
197  0.40289
198  0.405633
199  0.403554
200  0.402618
1  0.750485
2  0.875707
3  0.935211
4  0.962679
5  0.975002
6  0.982464
7  0.986533
8  0.987977
9  0.98921
10  0.989529
11  0.989879
12  0.989463
13  0.988504
14  0.989517
15  0.989349
16  0.988905
17  0.989957
18  0.989705
19  0.990299
20  0.990118
21  0.990321
22  0.989856
23  0.989514
24  0.989114
25  0.988919
26  0.989474
27  0.989932
28  0.989693
29  0.989094
30  0.988886
31  0.989403
32  0.989588
33  0.989384
34  0.989818
35  0.989473
36  0.989309
37  0.989838
38  0.989777
39  0.989923
40  0.989917
41  0.990307
42  0.989822
43  0.989402
44  0.989045
45  0.989146
46  0.989932
47  0.989859
48  0.989354
49  0.988707
50  0.98966
51  0.98921
52  0.989717
53  0.989928
54  0.989974
55  0.989573
56  0.990024
57  0.989906
58  0.989862
59  0.988873
60  0.989371
61  0.989518
62  0.989387
63  0.988472
64  0.989639
65  0.989976
66  0.989061
67  0.989641
68  0.989789
69  0.98977
70  0.989663
71  0.98976
72  0.989978
73  0.989537
74  0.989264
75  0.989248
76  0.989532
77  0.988612
78  0.988978
79  0.989138
80  0.989115
81  0.989358
82  0.989918
83  0.990043
84  0.989774
85  0.990141
86  0.98983
87  0.989865
88  0.989383
89  0.989149
90  0.989421
91  0.989676
92  0.98983
93  0.989157
94  0.988674
95  0.989016
96  0.989321
97  0.98913
98  0.988851
99  0.988211
100  0.988729
101  0.989085
102  0.98947
103  0.989305
104  0.989612
105  0.990124
106  0.98943
107  0.989405
108  0.989752
109  0.989001
110  0.989853
111  0.989651
112  0.989252
113  0.989494
114  0.989458
115  0.989444
116  0.988769
117  0.989763
118  0.989639
119  0.989166
120  0.988079
121  0.988215
122  0.988334
123  0.989329
124  0.989181
125  0.988973
126  0.989334
127  0.989488
128  0.989648
129  0.989213
130  0.989006
131  0.98929
132  0.989392
133  0.989433
134  0.98904
135  0.988833
136  0.989261
137  0.98941
138  0.989114
139  0.989777
140  0.989961
141  0.989862
142  0.989686
143  0.989577
144  0.988841
145  0.989541
146  0.989425
147  0.989827
148  0.989163
149  0.989064
150  0.988818
151  0.99007
152  0.989866
153  0.990277
154  0.989112
155  0.988802
156  0.988942
157  0.988411
158  0.989763
159  0.990118
160  0.989748
161  0.989527
162  0.990044
163  0.990222
164  0.989492
165  0.989141
166  0.988413
167  0.989456
168  0.990127
169  0.990338
170  0.990249
171  0.989954
172  0.98985
173  0.990259
174  0.989272
175  0.98989
176  0.989508
177  0.989708
178  0.989466
179  0.990329
180  0.990309
181  0.989819
182  0.989822
183  0.989368
184  0.990005
185  0.989945
186  0.988841
187  0.988633
188  0.989259
189  0.989165
190  0.989228
191  0.990127
192  0.99008
193  0.989609
194  0.989105
195  0.988744
196  0.989526
197  0.989288
198  0.98959
199  0.989709
200  0.989841
1  0.703103
2  0.807296
3  0.857806
4  0.879266
5  0.88966
6  0.893989
7  0.893479
8  0.895932
9  0.898726
10  0.898809
11  0.895301
12  0.896819
13  0.89859
14  0.898306
15  0.898235
16  0.89779
17  0.897049
18  0.895647
19  0.896751
20  0.897982
21  0.898249
22  0.900113
23  0.900008
24  0.897233
25  0.899161
26  0.897301
27  0.896499
28  0.897408
29  0.897556
30  0.895815
31  0.89613
32  0.896653
33  0.89844
34  0.900112
35  0.899698
36  0.896639
37  0.895756
38  0.896512
39  0.896905
40  0.896938
41  0.898734
42  0.897857
43  0.896873
44  0.896122
45  0.897206
46  0.898052
47  0.899439
48  0.899802
49  0.900208
50  0.899155
51  0.897919
52  0.897677
53  0.897187
54  0.896799
55  0.899466
56  0.899434
57  0.897542
58  0.896422
59  0.897807
60  0.898168
61  0.897354
62  0.898031
63  0.897644
64  0.897278
65  0.895262
66  0.895336
67  0.895387
68  0.896607
69  0.896497
70  0.89677
71  0.895093
72  0.897728
73  0.896773
74  0.897828
75  0.896804
76  0.89754
77  0.896709
78  0.896612
79  0.8963
80  0.897492
81  0.897775
82  0.898081
83  0.897255
84  0.895509
85  0.897608
86  0.894846
87  0.89626
88  0.895081
89  0.899533
90  0.898908
91  0.900211
92  0.896527
93  0.89829
94  0.898784
95  0.900383
96  0.898266
97  0.900491
98  0.897881
99  0.895896
100  0.89528
101  0.897887
102  0.897486
103  0.898357
104  0.897636
105  0.898063
106  0.898405
107  0.899556
108  0.894582
109  0.896451
110  0.896314
111  0.897765
112  0.898802
113  0.898509
114  0.897836
115  0.897613
116  0.895645
117  0.897996
118  0.896916
119  0.898129
120  0.896597
121  0.897678
122  0.896793
123  0.897534
124  0.896707
125  0.895468
126  0.89467
127  0.895856
128  0.895186
129  0.895302
130  0.893896
131  0.896782
132  0.896161
133  0.896968
134  0.897346
135  0.898821
136  0.896444
137  0.899468
138  0.899292
139  0.899053
140  0.900316
141  0.901188
142  0.900584
143  0.899984
144  0.901306
145  0.898241
146  0.8978
147  0.897884
148  0.899359
149  0.897336
150  0.899098
151  0.897825
152  0.897768
153  0.896134
154  0.895099
155  0.895661
156  0.894781
157  0.89659
158  0.896401
159  0.897725
160  0.897385
161  0.896815
162  0.897705
163  0.896076
164  0.897483
165  0.898023
166  0.89898
167  0.899744
168  0.899845
169  0.899419
170  0.89692
171  0.89704
172  0.897745
173  0.898
174  0.898346
175  0.896474
176  0.897794
177  0.898163
178  0.897914
179  0.89835
180  0.897127
181  0.898937
182  0.899038
183  0.898019
184  0.898271
185  0.897753
186  0.898432
187  0.896656
188  0.896337
189  0.897647
190  0.896044
191  0.897007
192  0.898258
193  0.896984
194  0.897594
195  0.895708
196  0.897088
197  0.899441
198  0.89826
199  0.897948
200  0.898663
1  0.546428
2  0.571245
3  0.579694
4  0.591017
5  0.591876
6  0.593797
7  0.597286
8  0.598856
9  0.596954
10  0.595861
11  0.598608
12  0.59257
13  0.59827
14  0.596343
15  0.598283
16  0.598138
17  0.599917
18  0.599852
19  0.599817
20  0.59437
21  0.598262
22  0.597916
23  0.596631
24  0.599751
25  0.603899
26  0.600148
27  0.598655
28  0.598694
29  0.598703
30  0.595637
31  0.597928
32  0.600081
33  0.598797
34  0.594199
35  0.596716
36  0.596107
37  0.596991
38  0.595857
39  0.597158
40  0.595052
41  0.596736
42  0.595356
43  0.596025
44  0.592607
45  0.595247
46  0.592816
47  0.597315
48  0.595913
49  0.59873
50  0.595184
51  0.591858
52  0.59789
53  0.598713
54  0.594936
55  0.595743
56  0.593775
57  0.596077
58  0.594944
59  0.590601
60  0.592635
61  0.594217
62  0.598346
63  0.592836
64  0.595196
65  0.594544
66  0.598709
67  0.60178
68  0.601366
69  0.597996
70  0.595371
71  0.601476
72  0.593134
73  0.596417
74  0.598794
75  0.596901
76  0.599313
77  0.599666
78  0.598201
79  0.597497
80  0.599563
81  0.598624
82  0.599094
83  0.598325
84  0.599067
85  0.599177
86  0.600137
87  0.59918
88  0.590091
89  0.595147
90  0.596197
91  0.5947
92  0.598863
93  0.59077
94  0.59444
95  0.598021
96  0.594292
97  0.596663
98  0.598829
99  0.596506
100  0.598193
101  0.597992
102  0.597642
103  0.598785
104  0.597422
105  0.597069
106  0.596946
107  0.597593
108  0.596873
109  0.597221
110  0.595586
111  0.596931
112  0.595437
113  0.596486
114  0.602045
115  0.599496
116  0.597474
117  0.596582
118  0.59748
119  0.5972
120  0.597504
121  0.596099
122  0.599111
123  0.595329
124  0.596669
125  0.599659
126  0.59391
127  0.599128
128  0.599378
129  0.601058
130  0.597474
131  0.595537
132  0.593834
133  0.592902
134  0.595014
135  0.592711
136  0.59647
137  0.597596
138  0.594817
139  0.595999
140  0.598928
141  0.597785
142  0.594933
143  0.593943
144  0.595464
145  0.598136
146  0.596463
147  0.598143
148  0.594951
149  0.597269
150  0.593548
151  0.596629
152  0.599787
153  0.601964
154  0.596068
155  0.598389
156  0.597842
157  0.599373
158  0.599433
159  0.596677
160  0.596746
161  0.599783
162  0.596353
163  0.594412
164  0.597862
165  0.597679
166  0.594561
167  0.595437
168  0.593332
169  0.595372
170  0.599946
171  0.60056
172  0.601243
173  0.59619
174  0.59721
175  0.59682
176  0.599626
177  0.600724
178  0.598484
179  0.597284
180  0.597772
181  0.601255
182  0.598065
183  0.60292
184  0.598892
185  0.594824
186  0.59538
187  0.59849
188  0.597042
189  0.59886
190  0.597545
191  0.597872
192  0.595444
193  0.595996
194  0.595834
195  0.5956
196  0.593758
197  0.59711
198  0.594367
199  0.596446
200  0.597382
1  0.249515
2  0.124293
3  0.0647894
4  0.0373212
5  0.0249981
6  0.0175362
7  0.0134671
8  0.0120227
9  0.0107898
10  0.0104714
11  0.0101209
12  0.0105374
13  0.011496
14  0.0104833
15  0.0106508
16  0.0110946
17  0.0100432
18  0.010295
19  0.00970111
20  0.00988175
21  0.00967897
22  0.0101444
23  0.0104859
24  0.0108858
25  0.0110806
26  0.0105259
27  0.0100677
28  0.0103066
29  0.0109062
30  0.0111136
31  0.0105972
32  0.0104123
33  0.0106155
34  0.0101823
35  0.010527
36  0.0106912
37  0.010162
38  0.0102227
39  0.0100772
40  0.0100828
41  0.00969348
42  0.0101776
43  0.0105985
44  0.0109552
45  0.0108541
46  0.0100679
47  0.0101414
48  0.0106463
49  0.0112932
50  0.0103401
51  0.0107899
52  0.0102829
53  0.0100721
54  0.0100257
55  0.0104269
56  0.00997584
57  0.0100941
58  0.010138
59  0.0111273
60  0.0106287
61  0.0104824
62  0.0106127
63  0.0115275
64  0.0103605
65  0.010024
66  0.0109385
67  0.0103591
68  0.0102114
69  0.0102298
70  0.0103371
71  0.0102401
72  0.0100224
73  0.0104625
74  0.0107364
75  0.0107515
76  0.0104684
77  0.0113876
78  0.0110218
79  0.010862
80  0.0108846
81  0.0106422
82  0.0100817
83  0.00995746
84  0.0102258
85  0.00985876
86  0.0101701
87  0.0101348
88  0.010617
89  0.0108508
90  0.0105793
91  0.0103236
92  0.0101703
93  0.0108426
94  0.0113262
95  0.0109838
96  0.0106793
97  0.0108703
98  0.0111493
99  0.0117892
100  0.0112706
101  0.0109147
102  0.0105301
103  0.0106954
104  0.0103875
105  0.0098758
106  0.0105698
107  0.0105951
108  0.0102478
109  0.0109995
110  0.010147
111  0.0103491
112  0.010748
113  0.0105057
114  0.0105424
115  0.0105564
116  0.0112315
117  0.0102368
118  0.0103611
119  0.0108336
120  0.0119209
121  0.0117846
122  0.0116661
123  0.0106712
124  0.0108188
125  0.0110268
126  0.0106659
127  0.010512
128  0.0103519
129  0.0107872
130  0.0109938
131  0.0107096
132  0.0106085
133  0.0105674
134  0.0109602
135  0.0111674
136  0.0107388
137  0.0105905
138  0.0108856
139  0.0102234
140  0.0100387
141  0.0101381
142  0.0103145
143  0.0104227
144  0.0111592
145  0.0104594
146  0.0105755
147  0.0101734
148  0.010837
149  0.0109357
150  0.0111819
151  0.00993026
152  0.010134
153  0.0097225
154  0.0108877
155  0.0111983
156  0.0110579
157  0.0115889
158  0.0102373
159  0.00988236
160  0.0102516
161  0.0104725
162  0.0099564
163  0.0097781
164  0.0105085
165  0.0108591
166  0.0115872
167  0.0105444
168  0.00987286
169  0.00966247
170  0.00975074
171  0.010046
172  0.0101501
173  0.00974124
174  0.0107278
175  0.0101101
176  0.0104924
177  0.0102923
178  0.0105341
179  0.00967149
180  0.00969128
181  0.0101815
182  0.0101782
183  0.0106317
184  0.00999458
185  0.0100546
186  0.0111587
187  0.0113672
188  0.0107414
189  0.0108349
190  0.0107724
191  0.0098732
192  0.00992026
193  0.010391
194  0.0108952
195  0.0112556
196  0.0104743
197  0.010712
198  0.01041
199  0.0102908
200  0.0101593
