0.5329716205596924 0.4670283794403076 
0.49783989787101746 0.5021600723266602 
0.8787566423416138 0.8076708912849426 0.7426217794418335 0.8648412227630615 0.121243417263031 0.19232910871505737 0.25737830996513367 0.13515876233577728 
0.29169437289237976 0.2520051598548889 0.45009249448776245 0.1875356137752533 0.7083056569099426 0.7479948401451111 0.5499075651168823 0.8124644160270691 
0.552363932132721 0.4476360082626343 
0.42508864402770996 0.6970283389091492 0.5749112963676453 0.30297166109085083 
0.7835390567779541 0.6368846297264099 0.2164609134197235 0.3631153106689453 
0.9291467070579529 0.8666120171546936 0.07085330039262772 0.13338801264762878 
0.32152777910232544 0.36044037342071533 0.17459194362163544 0.41520410776138306 0.47528284788131714 0.5647942423820496 0.34390297532081604 0.4625873267650604 0.678472101688385 0.6395596861839294 0.8254081010818481 0.5847959518432617 0.5247172117233276 0.4352058470249176 0.6560970544815063 0.5374126434326172 
0.4804350733757019 0.6191819906234741 0.5195648670196533 0.3808180093765259 
0.3634677827358246 0.49221351742744446 0.6365321278572083 0.5077864527702332 
0.35961782932281494 0.5768073797225952 0.6403821706771851 0.42319267988204956 
0.4193051755428314 0.4591923952102661 0.5806949138641357 0.5408075451850891 
0.6672024726867676 0.6022357940673828 0.6014646887779236 0.7712711095809937 0.4736301600933075 0.5295414924621582 0.4590427279472351 0.5801799297332764 0.3327975273132324 0.3977641463279724 0.3985353410243988 0.22872889041900635 0.5263698697090149 0.4704585373401642 0.5409572720527649 0.41982001066207886 
0.33069902658462524 0.5725915431976318 0.6693009734153748 0.42740845680236816 
0.6680499911308289 0.2750663459300995 0.33194997906684875 0.7249336838722229 
0.7454034090042114 0.5758495926856995 0.2545965909957886 0.42415037751197815 
0.41388386487960815 0.22895045578479767 0.5861161351203918 0.7710495591163635 
0.44964277744293213 0.6197460293769836 0.5503572225570679 0.38025400042533875 
0.40272456407546997 0.2687631845474243 0.59727543592453 0.7312368154525757 
0.6179781556129456 0.704555094242096 0.3820219039916992 0.29544490575790405 
0.424702525138855 0.5130847692489624 0.5752975344657898 0.48691514134407043 
0.36847320199012756 0.33187898993492126 0.63152676820755 0.6681210398674011 
0.6348902583122253 0.7839267253875732 0.36510977149009705 0.21607324481010437 
0.7187449932098389 0.7265486717224121 0.2812550365924835 0.27345138788223267 
0.4465927183628082 0.5016797780990601 0.5534072518348694 0.49832022190093994 
0.5151195526123047 0.5521851181983948 0.4848805069923401 0.44781485199928284 
0.3438394367694855 0.6653012037277222 0.6561605334281921 0.33469873666763306 
0.25042134523391724 0.4774404466152191 0.7495787143707275 0.5225595235824585 
0.33015477657318115 0.5577008128166199 0.6698452830314636 0.4422991871833801 
0.302858829498291 0.42999210953712463 0.697141170501709 0.5700079202651978 
0.38035643100738525 0.3496907651424408 0.6196436285972595 0.6503092646598816 
0.47400525212287903 0.37678804993629456 0.5259947776794434 0.6232119798660278 
0.4953345060348511 0.48124951124191284 0.5046655535697937 0.5187504291534424 
0.34415456652641296 0.26593098044395447 0.6558454632759094 0.7340689897537231 
0.32401353120803833 0.42187821865081787 0.6759864687919617 0.5781217813491821 
0.5868013501167297 0.292855441570282 0.41319870948791504 0.7071446180343628 
0.38343310356140137 0.4258410632610321 0.6165669560432434 0.5741589665412903 
0.5354040861129761 0.38686156272888184 0.46459588408470154 0.6131385564804077 
0.5684462785720825 0.41199710965156555 0.43155375123023987 0.5880029201507568 
0.3093782961368561 0.4437693655490875 0.6906217336654663 0.5562305450439453 
0.23448120057582855 0.3798806071281433 0.7655187845230103 0.6201194524765015 
0.5006835460662842 0.31030037999153137 0.4993164539337158 0.689699649810791 
0.1815846711397171 0.38041210174560547 0.8184152841567993 0.6195878386497498 
0.2756921350955963 0.48317837715148926 0.7243077158927917 0.5168216824531555 
0.1314307004213333 0.2592569589614868 0.8685692548751831 0.7407430410385132 
0.4964780807495117 0.5550320744514465 0.5035219192504883 0.44496792554855347 
0.3845641314983368 0.388509601354599 0.6154358386993408 0.6114903092384338 
0.3158528804779053 0.47627729177474976 0.6841471195220947 0.523722767829895 
0.22265368700027466 0.3588506579399109 0.7773462533950806 0.6411493420600891 
0.11970597505569458 0.5756484270095825 0.8802940845489502 0.4243515431880951 
0.22299417853355408 0.5526759028434753 0.7770059108734131 0.4473240375518799 
0.5444471836090088 0.5054638385772705 0.455552875995636 0.49453604221343994 
0.5882377028465271 0.48404863476753235 0.4117623567581177 0.5159512758255005 
0.5678349137306213 0.5499972105026245 0.43216511607170105 0.4500027894973755 
0.2454409897327423 0.4786895513534546 0.7545589804649353 0.5213104486465454 
0.36991989612579346 0.6803877353668213 0.6300801038742065 0.3196122646331787 
0.21673862636089325 0.32876548171043396 0.7832613587379456 0.6712344288825989 
0.599256694316864 0.49324169754981995 0.4007433354854584 0.5067583322525024 
0.4164424240589142 0.3986181616783142 0.5835576057434082 0.6013818979263306 
0.4835185706615448 0.47883719205856323 0.5164813995361328 0.5211628079414368 
0.33994317054748535 0.3477684259414673 0.6600567698478699 0.6522315144538879 
0.3944864571094513 0.4338228106498718 0.6055135726928711 0.5661771893501282 
0.29428184032440186 0.3552974760532379 0.7057181000709534 0.6447025537490845 
0.6123701333999634 0.5180063247680664 0.38762998580932617 0.481993705034256 
0.3862995207309723 0.5019159317016602 0.6137005090713501 0.49808406829833984 
0.5872526168823242 0.4344051480293274 0.4127473831176758 0.5655948519706726 
0.6155032515525818 0.09310320019721985 0.3844967186450958 0.9068968296051025 
0.3606127202510834 0.12849994003772736 0.639387309551239 0.8715000748634338 
0.13071778416633606 0.25833120942115784 0.8692821860313416 0.7416688203811646 
0.27531948685646057 0.31360507011413574 0.7246805429458618 0.6863949298858643 
0.2404150813817978 0.41304224729537964 0.759584903717041 0.5869578123092651 
0.2530462145805359 0.5806183815002441 0.7469537854194641 0.41938161849975586 
0.4294157326221466 0.14472892880439758 0.570584237575531 0.8552711009979248 
0.514075756072998 0.3621744215488434 0.48592427372932434 0.637825608253479 
0.5749338269233704 0.13978740572929382 0.42506617307662964 0.8602126240730286 
0.7074230313301086 0.7197997570037842 0.29257693886756897 0.28020021319389343 
0.28524506092071533 0.1567922681570053 0.7147549390792847 0.8432077169418335 
0.29331135749816895 0.1893661767244339 0.706688642501831 0.8106337785720825 
0.3708219528198242 0.2560011148452759 0.6291780471801758 0.7439989447593689 
0.7794193029403687 0.32200199365615845 0.22058071196079254 0.6779980063438416 
0.6100606918334961 0.16780813038349152 0.3899393677711487 0.8321918249130249 
0.21190400421619415 0.6021434664726257 0.7880959510803223 0.3978565037250519 
0.13763195276260376 0.34375515580177307 0.8623679876327515 0.6562448143959045 
0.24349139630794525 0.4908975064754486 0.7565086483955383 0.509102463722229 
0.22160492837429047 0.4522366523742676 0.7783950567245483 0.5477634072303772 
0.3226282298564911 0.30379003286361694 0.6773716807365417 0.6962099671363831 
0.26108238101005554 0.19667236506938934 0.7389175891876221 0.8033276200294495 
0.2968091666698456 0.281678706407547 0.703190803527832 0.7183213233947754 
0.3596796989440918 0.3249826729297638 0.6403203010559082 0.6750172972679138 
0.6096344590187073 0.37798061966896057 0.39036548137664795 0.6220194101333618 
0.34239405393600464 0.15173625946044922 0.6576059460639954 0.8482638001441956 
0.08768001198768616 0.3063231110572815 0.9123199582099915 0.6936769485473633 
0.2838728427886963 0.5091113448143005 0.7161270976066589 0.4908887445926666 
0.41279780864715576 0.471113383769989 0.587202250957489 0.528886616230011 
0.26644977927207947 0.3185340464115143 0.7335501909255981 0.6814659237861633 
0.7529951333999634 0.3875527083873749 0.24700485169887543 0.6124473214149475 
0.5353456735610962 0.29352787137031555 0.4646543562412262 0.7064720988273621 
0.19531115889549255 0.3973870277404785 0.8046888709068298 0.6026129722595215 
0.1395779699087143 0.2128046751022339 0.8604220151901245 0.7871953248977661 
0.24774886667728424 0.7094125151634216 0.7522512078285217 0.290587455034256 
0.2817988097667694 0.5615641474723816 0.7182011604309082 0.4384358823299408 
0.24648547172546387 0.46579962968826294 0.7535145282745361 0.5342004299163818 
0.6644464731216431 0.7333844304084778 0.33555352687835693 0.26661550998687744 
0.2511686682701111 0.4916122853755951 0.7488313317298889 0.5083876848220825 
0.22619755566120148 0.522509753704071 0.7738024592399597 0.47749024629592896 
0.49962863326072693 0.3680691123008728 0.5003713965415955 0.6319308280944824 
0.3169957995414734 0.5855081081390381 0.6830041408538818 0.4144919812679291 
0.36281898617744446 0.5811370611190796 0.6371809840202332 0.4188629686832428 
0.2306472659111023 0.6230180263519287 0.7693527340888977 0.3769819736480713 
0.37183913588523865 0.41629940271377563 0.6281608939170837 0.5837005376815796 
0.32025906443595886 0.6769079566001892 0.6797410249710083 0.32309210300445557 
0.40527328848838806 0.4194798767566681 0.5947266221046448 0.5805200934410095 
0.18977247178554535 0.5089339017868042 0.8102275729179382 0.491066038608551 
0.5363190770149231 0.5628227591514587 0.4636809527873993 0.43717724084854126 
0.439510315656662 0.3246869742870331 0.5604897141456604 0.6753129363059998 
0.2992393970489502 0.4087804853916168 0.7007606029510498 0.591219425201416 
0.2683846950531006 0.43539828062057495 0.7316153049468994 0.5646016597747803 
0.4782502055168152 0.37361541390419006 0.5217497944831848 0.6263845562934875 
0.5551196336746216 0.541550874710083 0.44488033652305603 0.45844900608062744 
0.5047579407691956 0.30452945828437805 0.4952421486377716 0.6954705715179443 
0.1103128045797348 0.3799779415130615 0.889687180519104 0.6200220584869385 
0.5337711572647095 0.6370034217834473 0.46622878313064575 0.36299654841423035 
0.3067883253097534 0.3488198220729828 0.6932116746902466 0.6511802077293396 
0.3046790063381195 0.3788871765136719 0.6953210234642029 0.6211128234863281 
0.51691073179245 0.5004075169563293 0.48308926820755005 0.49959248304367065 
0.4379079043865204 0.595876932144165 0.5620921850204468 0.40412309765815735 
0.3915294110774994 0.4674277901649475 0.6084705591201782 0.5325722098350525 
0.23926149308681488 0.6830494999885559 0.7607385516166687 0.31695041060447693 
0.34439200162887573 0.6194795370101929 0.6556081175804138 0.3805205225944519 
0.5800913572311401 0.4896300733089447 0.41990867257118225 0.5103699564933777 
0.5683846473693848 0.359120637178421 0.43161532282829285 0.6408792734146118 
0.47363409399986267 0.31993368268013 0.5263659358024597 0.6800662279129028 
0.5177600383758545 0.5499297976493835 0.4822399914264679 0.4500701427459717 
0.5619992017745972 0.7377230525016785 0.43800073862075806 0.2622769773006439 
0.5246683359146118 0.5710702538490295 0.4753316342830658 0.4289298355579376 
0.6972739100456238 0.5822294354438782 0.302726149559021 0.4177705943584442 
0.39170727133750916 0.49736693501472473 0.6082927584648132 0.5026330351829529 
0.420401006937027 0.4092400372028351 0.5795989632606506 0.5907599925994873 
0.2773585915565491 0.4294138550758362 0.7226413488388062 0.5705862045288086 
0.26354074478149414 0.4884898066520691 0.7364591956138611 0.5115102529525757 
0.4464149475097656 0.5917088985443115 0.5535849928855896 0.40829116106033325 
0.2701263725757599 0.4134289622306824 0.7298736572265625 0.5865710377693176 
0.5132942795753479 0.4744866192340851 0.4867057204246521 0.5255133509635925 
0.37226980924606323 0.40305450558662415 0.6277302503585815 0.5969454646110535 
0.4711664915084839 0.5234430432319641 0.5288334488868713 0.4765569865703583 
0.4045514464378357 0.3497338593006134 0.5954484939575195 0.650266170501709 
0.34148553013801575 0.6022303104400635 0.6585144996643066 0.3977696895599365 
0.4832301139831543 0.4198060631752014 0.5167698264122009 0.5801939964294434 
0.33868786692619324 0.6287108659744263 0.6613121628761292 0.3712891936302185 
0.47281455993652344 0.4951041638851166 0.5271853804588318 0.504895806312561 
0.3876796066761017 0.6859059929847717 0.6123204231262207 0.31409409642219543 
0.6539968848228455 0.585594892501831 0.34600305557250977 0.41440513730049133 
0.6389386653900146 0.45320579409599304 0.36106133460998535 0.5467942357063293 
0.6145490407943726 0.6374728679656982 0.38545098900794983 0.36252710223197937 
0.6957287788391113 0.5765761137008667 0.3042711913585663 0.4234238266944885 
0.5734494924545288 0.6152400970458984 0.4265504777431488 0.3847598731517792 
0.36308255791664124 0.7721729874610901 0.6369174718856812 0.2278270423412323 
0.4056519865989685 0.7162634134292603 0.5943479537963867 0.28373661637306213 
0.28429779410362244 0.48608216643333435 0.7157021760940552 0.513917863368988 
0.4197710156440735 0.5989329218864441 0.5802289247512817 0.4010671079158783 
0.35459157824516296 0.5448312759399414 0.6454084515571594 0.455168753862381 
0.3471980094909668 0.5089974403381348 0.6528019905090332 0.49100252985954285 
0.36823731660842896 0.6630728840827942 0.631762683391571 0.3369271457195282 
0.37672802805900574 0.7174854278564453 0.6232720017433167 0.2825145125389099 
0.3232519328594208 0.6059362888336182 0.6767480969429016 0.3940637409687042 
0.40767547488212585 0.4018631875514984 0.5923245549201965 0.5981367826461792 
0.5226995348930359 0.38790833950042725 0.4773004353046417 0.6120917201042175 
0.5152473449707031 0.49577558040618896 0.4847526252269745 0.504224419593811 
0.6376487016677856 0.2623057961463928 0.36235129833221436 0.7376942038536072 
0.6223313808441162 0.6012305617332458 0.3776685893535614 0.39876940846443176 
0.6990536451339722 0.43723738193511963 0.30094632506370544 0.5627626180648804 
0.6024971008300781 0.3184922933578491 0.3975028097629547 0.6815077662467957 
0.32146796584129333 0.6935646533966064 0.678532063961029 0.3064352869987488 
0.4202171564102173 0.6021954417228699 0.5797828435897827 0.39780452847480774 
0.3444059193134308 0.6548033952713013 0.655593991279602 0.3451966345310211 
0.6354859471321106 0.5210878849029541 0.3645140528678894 0.4789121150970459 
0.6586087942123413 0.3018493056297302 0.3413911461830139 0.6981506943702698 
0.3678089678287506 0.350568562746048 0.6321910619735718 0.6494314670562744 
0.6724902987480164 0.5013087391853333 0.32750970125198364 0.49869123101234436 
0.17353147268295288 0.5032690167427063 0.8264684677124023 0.4967310130596161 
0.6975743770599365 0.25245365500450134 0.30242565274238586 0.7475463151931763 
0.477852463722229 0.13707639276981354 0.5221475958824158 0.8629235625267029 
0.2691318094730377 0.7368645668029785 0.7308681607246399 0.2631354033946991 
0.2238161712884903 0.5840126872062683 0.7761837840080261 0.4159873127937317 
0.16740743815898895 0.2468183934688568 0.8325924873352051 0.7531816363334656 
0.22774073481559753 0.6096898317337036 0.7722592353820801 0.3903101682662964 
0.1849779337644577 0.4340318441390991 0.8150220513343811 0.5659681558609009 
0.1938043236732483 0.5177382826805115 0.8061956763267517 0.48226168751716614 
0.1158597320318222 0.6153314113616943 0.8841402530670166 0.3846685588359833 
0.4324260354042053 0.5520378351211548 0.5675740242004395 0.4479622542858124 
0.4122782349586487 0.5158548355102539 0.5877217650413513 0.4841451644897461 
0.43416228890419006 0.4230756163597107 0.5658376812934875 0.5769244432449341 
0.2668004631996155 0.2820153534412384 0.7331995368003845 0.717984676361084 
0.5105254054069519 0.5100541710853577 0.48947468400001526 0.48994582891464233 
0.35385724902153015 0.4366680979728699 0.6461427211761475 0.5633319616317749 
0.17727622389793396 0.50081866979599 0.8227237462997437 0.49918133020401 
0.26992687582969666 0.49241843819618225 0.7300731539726257 0.5075815320014954 
0.4130229651927948 0.6093767285346985 0.5869770050048828 0.3906233012676239 
0.4735603332519531 0.5221353769302368 0.5264396667480469 0.47786468267440796 
0.48062363266944885 0.5682360529899597 0.5193763971328735 0.43176400661468506 
0.5590646266937256 0.40234053134918213 0.440935343503952 0.5976595878601074 
0.5926132798194885 0.4844713807106018 0.40738677978515625 0.515528678894043 
0.5771607756614685 0.6148312091827393 0.4228392541408539 0.38516882061958313 
0.4907988905906677 0.6305258870124817 0.5092010498046875 0.3694741129875183 
0.5139966607093811 0.6504204869270325 0.48600339889526367 0.3495795428752899 
0.7324869632720947 0.7545624375343323 0.2675130367279053 0.24543750286102295 
0.2898053228855133 0.6944093704223633 0.7101945877075195 0.30559059977531433 
0.6692607998847961 0.5438125729560852 0.33073922991752625 0.45618736743927 
0.47800830006599426 0.5758143663406372 0.5219916701316833 0.42418575286865234 
0.5401753187179565 0.5585910677909851 0.45982471108436584 0.4414089620113373 
0.34879782795906067 0.51872718334198 0.6512021422386169 0.4812728762626648 
0.40250682830810547 0.5805552005767822 0.5974931716918945 0.41944482922554016 
0.6706879138946533 0.5218941569328308 0.3293120265007019 0.4781058728694916 
0.703322172164917 0.4080888628959656 0.29667776823043823 0.5919110774993896 
0.2708103358745575 0.5572503805160522 0.7291896343231201 0.44274961948394775 
0.5061098337173462 0.6282952427864075 0.49389010667800903 0.3717048168182373 
0.5025111436843872 0.5305782556533813 0.49748891592025757 0.46942177414894104 
0.5203995704650879 0.4848089814186096 0.4796004295349121 0.5151909589767456 
0.5202366709709167 0.4533948600292206 0.47976335883140564 0.5466051697731018 
0.5424278974533081 0.40520432591438293 0.4575721025466919 0.5947957634925842 
0.43799489736557007 0.32532525062561035 0.5620051026344299 0.6746748089790344 
0.5272408723831177 0.40214869379997253 0.4727591872215271 0.5978513360023499 
0.49013784527778625 0.45475512742996216 0.5098622441291809 0.5452448725700378 
0.46397021412849426 0.7281649112701416 0.5360298156738281 0.271835058927536 
0.8490961790084839 0.6491724848747253 0.15090380609035492 0.35082757472991943 
0.6226751208305359 0.46906620264053345 0.3773249089717865 0.5309337377548218 
0.5058649182319641 0.3384246528148651 0.49413517117500305 0.6615753769874573 
0.3519934415817261 0.3535970449447632 0.6480064988136292 0.6464029550552368 
0.2704973518848419 0.5083573460578918 0.7295026779174805 0.49164271354675293 
0.2915453016757965 0.5542981624603271 0.7084547877311707 0.4457017779350281 
0.6444436311721802 0.49526721239089966 0.3555564284324646 0.5047327280044556 
0.6207963824272156 0.5254755020141602 0.3792036473751068 0.47452446818351746 
0.4756614565849304 0.4858531951904297 0.5243385434150696 0.5141467452049255 
0.6391844153404236 0.6456851959228516 0.3608156442642212 0.3543148636817932 
0.5378223061561584 0.5776315331459045 0.46217775344848633 0.42236849665641785 
0.5772069692611694 0.5602560043334961 0.42279303073883057 0.4397440254688263 
0.35591384768486023 0.6978400349617004 0.6440861225128174 0.30216002464294434 
0.4022613763809204 0.5176042914390564 0.5977386236190796 0.48239564895629883 
0.4662865400314331 0.488667368888855 0.5337135195732117 0.511332631111145 
0.4048410952091217 0.5833770036697388 0.5951588749885559 0.4166230857372284 
0.2735510766506195 0.47563791275024414 0.7264488935470581 0.5243620276451111 
0.23169006407260895 0.38444244861602783 0.7683099508285522 0.6155575513839722 
0.27327290177345276 0.4927351772785187 0.7267270684242249 0.5072647929191589 
0.30226004123687744 0.4098547697067261 0.6977400183677673 0.5901452898979187 
0.22436900436878204 0.4716951251029968 0.7756310105323792 0.5283048748970032 
0.38534945249557495 0.38030874729156494 0.614650547504425 0.6196913123130798 
0.5338905453681946 0.6716505289077759 0.4661094546318054 0.3283495306968689 
0.3380480408668518 0.5432544350624084 0.6619519591331482 0.45674556493759155 
0.6247386932373047 0.40709012746810913 0.3752613067626953 0.5929098725318909 
0.576896607875824 0.4332340359687805 0.4231034517288208 0.5667659640312195 
0.4223422110080719 0.5181087255477905 0.5776578187942505 0.4818912744522095 
0.615478515625 0.6057651042938232 0.3845215141773224 0.39423489570617676 
0.5674159526824951 0.5204919576644897 0.43258410692214966 0.47950801253318787 
0.402974396944046 0.5520406365394592 0.5970256924629211 0.4479593336582184 
0.5506773591041565 0.5627915859222412 0.4493226706981659 0.43720847368240356 
0.4915611445903778 0.5667507648468018 0.5084388256072998 0.433249294757843 
0.5020091533660889 0.5343496203422546 0.49799084663391113 0.465650349855423 
0.4303736388683319 0.5265440344810486 0.5696263909339905 0.47345593571662903 
0.5791065096855164 0.5457757711410522 0.42089346051216125 0.45422428846359253 
0.5468454360961914 0.6121785044670105 0.4531545639038086 0.3878214657306671 
0.5919010639190674 0.3564104437828064 0.40809887647628784 0.6435895562171936 
0.5270266532897949 0.44371122121810913 0.4729732871055603 0.5562887787818909 
0.5626055002212524 0.5749688744544983 0.4373944103717804 0.4250310957431793 
0.5550140738487244 0.5949956178665161 0.44498586654663086 0.4050043821334839 
0.32554352283477783 0.28638750314712524 0.6744564771652222 0.7136124968528748 
0.48437273502349854 0.6208776831626892 0.5156272053718567 0.3791222870349884 
0.4769693613052368 0.425693154335022 0.5230305790901184 0.5743067860603333 
0.38729870319366455 0.445609986782074 0.6127012968063354 0.5543900728225708 
0.39993762969970703 0.5320743918418884 0.600062370300293 0.46792563796043396 
0.3564908504486084 0.3759287893772125 0.6435091495513916 0.6240712404251099 
0.14257992804050446 0.42855551838874817 0.8574201464653015 0.5714443922042847 
0.1374456286430359 0.33522728085517883 0.8625543117523193 0.6647726893424988 
0.22967761754989624 0.3657830059528351 0.7703223824501038 0.6342170238494873 
0.6105281114578247 0.4209640324115753 0.3894718289375305 0.5790359973907471 
0.4093888998031616 0.5672090649604797 0.5906111001968384 0.4327910244464874 
0.453287810087204 0.37634414434432983 0.5467121005058289 0.6236558556556702 
0.32969343662261963 0.3776719272136688 0.6703065633773804 0.6223280429840088 
0.27037814259529114 0.5419743061065674 0.7296218276023865 0.45802560448646545 
0.12093641608953476 0.5347413420677185 0.879063606262207 0.46525871753692627 
0.47086086869239807 0.3583706319332123 0.5291392207145691 0.6416293978691101 
0.42234864830970764 0.22981560230255127 0.57765132188797 0.7701844573020935 
0.24422693252563477 0.330485999584198 0.7557730674743652 0.669514000415802 
0.5283727049827576 0.577094554901123 0.47162726521492004 0.4229053854942322 
0.4372963607311249 0.3577776849269867 0.5627037286758423 0.6422222852706909 
0.5357245802879333 0.7237398028373718 0.4642753303050995 0.27626022696495056 
0.1788599193096161 0.7167043089866638 0.8211400508880615 0.28329572081565857 
0.14918191730976105 0.6753365397453308 0.8508180975914001 0.3246634900569916 
0.21551580727100372 0.3529115915298462 0.7844841480255127 0.6470884084701538 
0.36365368962287903 0.44529446959495544 0.6363462805747986 0.5547055602073669 
0.3501748740673065 0.39875683188438416 0.6498250961303711 0.601243257522583 
0.2921929955482483 0.40449342131614685 0.7078070044517517 0.5955065488815308 
0.46798190474510193 0.4356420636177063 0.5320180654525757 0.5643579959869385 
0.24557748436927795 0.6322813630104065 0.7544225454330444 0.3677186667919159 
0.24493113160133362 0.6300985217094421 0.7550688982009888 0.36990150809288025 
0.6142311692237854 0.5127604007720947 0.385768860578537 0.48723968863487244 
0.5276287198066711 0.46660321950912476 0.47237128019332886 0.5333967804908752 
0.6191164255142212 0.42798545956611633 0.3808836042881012 0.572014570236206 
0.10286535322666168 0.2537898123264313 0.8971347212791443 0.7462102174758911 
0.44796058535575867 0.11659809947013855 0.552039384841919 0.8834018111228943 
0.37425920367240906 0.20999214053153992 0.6257408261299133 0.7900078296661377 
0.09179627150297165 0.30610018968582153 0.9082037210464478 0.6938998103141785 
0.7487351894378662 0.32033854722976685 0.2512647211551666 0.6796614527702332 
0.6162304878234863 0.3021819293498993 0.3837694823741913 0.6978180408477783 
0.2900882959365845 0.09298788756132126 0.7099117040634155 0.9070120453834534 
0.6404567956924438 0.3610752522945404 0.35954320430755615 0.6389247179031372 
0.16259463131427765 0.4849938452243805 0.8374053239822388 0.5150062441825867 
0.21396908164024353 0.46644535660743713 0.7860308885574341 0.5335545539855957 
0.20530790090560913 0.4573819935321808 0.7946920990943909 0.542617917060852 
0.2108207494020462 0.5316179394721985 0.7891792058944702 0.4683820307254791 
0.2663813531398773 0.24173305928707123 0.7336186766624451 0.7582669854164124 
0.31575384736061096 0.3945537805557251 0.6842461228370667 0.6054462194442749 
0.5047459006309509 0.34300655126571655 0.4952540397644043 0.6569934487342834 
0.33179235458374023 0.4908634126186371 0.6682077050209045 0.5091366171836853 
0.3533249795436859 0.47028154134750366 0.6466751098632812 0.5297183990478516 
0.361697256565094 0.5448032021522522 0.6383028030395508 0.4551967978477478 
0.32618460059165955 0.4022052586078644 0.6738154292106628 0.5977946519851685 
0.5775477886199951 0.4505915343761444 0.4224522113800049 0.5494084358215332 
0.6263880729675293 0.21499837934970856 0.3736119270324707 0.7850016951560974 
0.4495512843132019 0.3179866671562195 0.5504487156867981 0.6820133924484253 
0.8442577123641968 0.22983108460903168 0.15574227273464203 0.7701689600944519 
0.7980414628982544 0.22422613203525543 0.20195847749710083 0.7757739424705505 
0.8205748796463013 0.18936733901500702 0.17942515015602112 0.8106326460838318 
0.46016502380371094 0.7849101424217224 0.5398349761962891 0.21508987247943878 
0.4008754789829254 0.9403001666069031 0.5991246104240417 0.05969982221722603 
0.27541980147361755 0.10180732607841492 0.7245801687240601 0.8981926441192627 
0.6800786852836609 0.8336501121520996 0.3199213445186615 0.1663498878479004 
0.18164438009262085 0.06233200803399086 0.8183556199073792 0.9376680254936218 
0.5158424973487854 0.5282314419746399 0.4841575026512146 0.4717685282230377 
0.2898607552051544 0.42335861921310425 0.710139274597168 0.5766413807868958 
0.3100237250328064 0.5663570761680603 0.6899762749671936 0.4336429834365845 
0.5354610681533813 0.38171523809432983 0.4645389914512634 0.6182847023010254 
0.5936682224273682 0.6182838082313538 0.406331866979599 0.38171619176864624 
0.5034639835357666 0.5256482362747192 0.4965359568595886 0.47435179352760315 
