0.50327265
0.49672738
0.36462584
0.63537407
0.42990863
0.5700914
0.5666034
0.43339655
0.3406457
0.65935427
0.6541507
0.34584928
0.40879053
0.5912095
0.339781
0.66021895
0.594431
0.40556896
0.5042844
0.4957156
0.7196412
0.28035873
0.6339111
0.36608896
0.8155581
0.18444185
0.3788719
0.621128
0.79900527
0.20099477
0.52438986
0.47561017
0.6215032
0.37849683
0.059733026
0.940267
0.1767114
0.82328856
0.6301304
0.36986956
0.77744985
0.22255018
0.6104317
0.3895683
0.997206
0.0027940613
0.68331194
0.31668797
0.82327896
0.17672096
0.5273474
0.4726526
0.5599636
0.44003645
0.6961096
0.30389047
0.51733017
0.4826698
0.34221992
0.65778005
0.41489217
0.58510786
0.3741209
0.6258791
0.30345413
0.6965459
0.2242165
0.77578354
0.14820488
0.85179514
0.20466167
0.79533833
0.02105182
0.9789481
0.14556482
0.8544352
0.25270626
0.7472938
0.50481516
0.4951849
0.19429109
0.8057089
0.2695513
0.73044866
0.18670678
0.8132933
0.9782333
0.021766836
0.24711762
0.75288236
0.72547626
0.27452368
0.9997658
2.3416006E-4
0.45884883
0.54115117
0.036174215
0.9638259
0.1645735
0.8354265
0.5176405
0.48235956
0.0014819066
0.99851817
0.39438057
0.6056194
0.99539983
0.0046002264
0.946925
0.053075008
7.334101E-5
0.9999267
0.4886688
0.51133126
0.022535365
0.9774647
0.8962448
0.10375522
0.049670316
0.9503297
0.9993212
6.788329E-4
0.07493126
0.9250688
0.42999053
0.5700095
0.87642896
0.12357105
0.95425016
0.045749865
0.2720914
0.72790855
0.94039613
0.05960386
0.009427904
0.99057215
0.99992746
7.252264E-5
0.38786256
0.61213744
0.4454557
0.5545443
0.5704917
0.42950824
0.12793493
0.87206507
0.2728857
0.72711426
0.5214621
0.47853792
0.4432114
0.5567885
0.40304852
0.5969514
0.006776112
0.9932239
0.63949376
0.36050615
0.064422354
0.93557763
0.93215305
0.06784696
0.9999031
9.6861935E-5
1.4580377E-4
0.9998542
1.5945158E-4
0.9998405
0.8425857
0.15741429
0.18403289
0.8159671
0.06117542
0.9388246
0.18576103
0.81423897
0.47570512
0.5242949
0.30721593
0.6927841
0.63081455
0.36918542
0.17375147
0.8262485
0.96355176
0.036448352
0.021863244
0.9781367
0.32323474
0.67676526
0.4289451
0.57105494
0.19587809
0.80412185
0.07723365
0.9227663
0.64361554
0.3563845
0.31795907
0.68204087
0.39937887
0.60062116
0.18491824
0.81508183
0.43193215
0.56806785
0.22866584
0.7713341
0.049478065
0.95052195
0.80923665
0.19076335
0.5291148
0.47088516
0.028819049
0.9711809
0.41436765
0.58563244
0.75205076
0.24794926
0.79714835
0.20285161
2.136543E-4
0.9997863
0.0162023
0.98379767
0.9998671
1.3300154E-4
0.56417197
0.43582812
0.5967346
0.40326545
0.42081112
0.57918894
0.7033093
0.29669067
0.46010134
0.5398987
0.43353966
0.5664604
0.5464087
0.4535913
0.27336988
0.72663003
0.2866676
0.71333236
0.8665534
0.13344657
0.9584188
0.041581165
0.3731925
0.6268075
0.7360514
0.26394856
0.13275358
0.8672464
3.4993287E-4
0.9996501
0.8209064
0.17909358
0.5146975
0.48530248
0.6542457
0.34575436
0.0018903018
0.9981097
0.342685
0.657315
1.2839473E-4
0.9998716
0.060123146
0.93987685
0.37729234
0.6227076
0.8799496
0.12005026
0.9013842
0.0986159
0.14197986
0.8580202
0.05693438
0.9430656
0.04830918
0.95169085
0.977778
0.022221962
0.018711172
0.9812888
0.9075138
0.09248619
0.021958875
0.97804105
0.82236826
0.1776318
0.39049378
0.6095063
0.10773649
0.8922635
0.9707866
0.029213427
0.16334225
0.8366577
0.065761246
0.9342388
0.08477567
0.91522425
0.06569852
0.93430156
0.0912283
0.90877175
0.110914044
0.88908595
0.20631845
0.79368156
0.7646168
0.23538324
0.69189805
0.30810198
0.031014299
0.9689857
0.9999394
6.0638533E-5
0.09076017
0.90923977
0.999872
1.2796048E-4
0.15773933
0.84226066
0.9999464
5.3573956E-5
0.03958775
0.96041226
0.9356354
0.06436453
0.75575644
0.24424356
0.62380576
0.3761942
0.010610076
0.98938984
0.7709742
0.22902577
0.29306114
0.70693886
0.18431452
0.81568545
0.79112655
0.20887347
0.94266635
0.057333667
0.7040471
0.29595286
0.88794696
0.11205307
0.6427938
0.35720623
0.031502333
0.96849775
0.029214185
0.9707858
3.7365058E-4
0.99962634
8.8283146E-4
0.9991172
0.60271055
0.39728937
0.08126492
0.91873515
0.9506646
0.049335476
0.35552362
0.64447635
0.119693294
0.8803067
0.0053398884
0.9946602
0.20008829
0.79991174
0.10795253
0.89204746
0.085819
0.91418093
0.33798054
0.6620195
0.052405715
0.9475943
0.7938659
0.20613411
0.17672423
0.8232758
0.17756109
0.8224389
0.32626966
0.6737303
0.1544511
0.8455488
2.1683883E-4
0.9997832
0.8298196
0.17018043
0.0865067
0.91349334
0.06604221
0.93395776
0.36174002
0.63826007
0.9284394
0.07156059
0.0075564515
0.99244356
0.6358303
0.36416963
0.8521127
0.14788724
0.0020166242
0.9979833
0.72439027
0.27560976
0.9487585
0.05124148
0.0054700384
0.99453
0.80238533
0.19761465
0.005132628
0.9948673
0.63571626
0.3642838
0.28669617
0.71330386
0.013221914
0.98677814
0.79108787
0.20891215
0.17307946
0.8269205
0.70516413
0.2948359
0.85588306
0.14411698
0.9999747
2.5230569E-5
5.852691E-5
0.9999414
0.073934235
0.9260658
0.27967787
0.72032213
0.08010326
0.9198967
0.07143396
0.928566
2.3855907E-7
0.9999998
0.0048931427
0.99510694
0.32129085
0.67870915
0.92103565
0.07896433
0.8452485
0.15475152
0.03496286
0.96503705
0.44789818
0.5521018
0.105950214
0.89404976
0.056118064
0.94388187
0.4184601
0.5815399
0.53066033
0.46933964
0.47580865
0.5241913
0.63723755
0.36276245
0.19545828
0.80454177
0.2509124
0.7490876
0.9752801
0.024719968
0.71954864
0.2804514
0.99980927
1.9080663E-4
0.003609035
0.996391
0.99998146
1.8520836E-5
1.4991008E-5
0.9999851
0.543591
0.456409
0.2823119
0.7176881
0.2803446
0.71965533
0.008428506
0.9915715
0.7474787
0.25252128
0.9049088
0.09509131
0.9999093
9.0633264E-5
0.009350815
0.99064916
0.9999545
4.5501605E-5
6.4456975E-4
0.9993554
0.88975835
0.110241584
0.98243386
0.01756611
0.7821776
0.21782239
0.047198843
0.9528011
0.85444653
0.1455535
0.02574238
0.97425765
0.33837333
0.66162664
5.020033E-5
0.9999498
3.6475025E-4
0.9996352
0.9943927
0.0056073153
0.007213698
0.9927863
0.8831099
0.11689006
0.8301107
0.1698892
0.97192466
0.028075349
0.005290669
0.9947094
0.59718424
0.40281582
0.85385233
0.14614765
0.24671076
0.7532892
0.02567602
0.974324
0.46005562
0.5399444
0.8184806
0.18151942
0.19582877
0.8041712
0.994751
0.0052490686
0.3239942
0.6760058
0.7456136
0.25438648
0.3841012
0.6158988
0.85670185
0.1432981
0.46512797
0.5348721
0.19618526
0.8038147
0.95176715
0.048232857
0.41272092
0.5872791
0.0019374599
0.9980625
0.43635073
0.5636493
0.054140758
0.9458592
0.63840395
0.361596
0.020582901
0.97941715
0.01847317
0.9815268
0.38113222
0.61886775
0.9822247
0.017775277
0.122976296
0.8770237
0.8374401
0.16255994
0.74250126
0.2574988
0.0012233668
0.9987766
0.4322691
0.5677309
0.02029658
0.97970337
0.4097392
0.5902608
0.055115514
0.94488454
0.6929907
0.3070093
0.8961991
0.10380086
0.019026441
0.9809735
0.47441474
0.5255853
0.7903822
0.20961776
0.5805933
0.4194068
0.771216
0.22878398
0.21798694
0.782013
0.460408
0.539592
0.6435918
0.3564082
0.41398448
0.58601546
0.00811501
0.99188507
0.43183342
0.5681666
0.6612043
0.33879578
0.2745474
0.72545254
0.38188612
0.6181139
0.6367272
0.36327282
0.49576133
0.50423867
0.0048886184
0.99511135
0.9963343
0.003665731
0.4146935
0.58530647
0.30011284
0.69988716
0.84032387
0.15967607
0.75639915
0.2436009
0.3805817
0.61941826
0.9998366
1.633782E-4
0.37220165
0.6277983
0.07602507
0.92397493
0.4668353
0.5331647
0.6887419
0.31125808
0.4413023
0.55869776
0.66540015
0.33459988
0.29283762
0.7071624
0.09698672
0.90301335
0.42571956
0.5742804
0.7761252
0.22387478
5.292946E-5
0.9999471
0.5283874
0.4716126
0.99980813
1.9193775E-4
0.536043
0.46395704
0.99992514
7.4818265E-5
0.023898529
0.97610146
0.7825258
0.21747427
0.33777988
0.6622201
0.9402311
0.05976886
0.56070715
0.43929282
0.9014974
0.09850261
0.24366479
0.75633526
0.996482
0.0035179819
0.1923951
0.80760485
0.9383184
0.061681606
0.7108653
0.28913474
0.90499115
0.09500887
0.5394147
0.46058536
0.8122642
0.18773578
0.5471167
0.4528833
0.059996016
0.940004
0.32866237
0.67133754
0.16476625
0.8352338
0.66696817
0.33303192
0.46162382
0.53837615
0.6310874
0.36891258
0.62257385
0.37742618
0.7138991
0.28610098
0.50089514
0.49910477
0.3501504
0.6498496
0.6936935
0.30630648
0.21316332
0.78683674
0.41111368
0.5888863
0.28954726
0.71045274
0.5428486
0.45715138
0.20107011
0.79892987
0.6421467
0.35785332
0.56957906
0.43042088
0.19508216
0.8049178
0.75659305
0.24340703
0.77191126
0.2280888
0.20393561
0.7960644
0.27725524
0.72274476
0.45409656
0.54590356
2.6262715E-4
0.9997374
0.18969934
0.81030065
0.8616881
0.13831198
0.0064531113
0.99354684
0.09664194
0.9033581
0.028108327
0.97189164
0.42680776
0.57319224
0.13638042
0.8636196
0.24803904
0.751961
0.4563466
0.5436535
0.39735237
0.60264766
0.7722061
0.22779387
0.014006117
0.9859939
0.8687038
0.13129617
8.6882256E-4
0.99913114
1.1928095E-5
0.9999881
1.8553124E-4
0.9998145
0.77998817
0.22001186
0.0027216342
0.99727833
0.8896917
0.110308334
0.27450275
0.7254973
0.096236415
0.90376365
0.9641664
0.035833567
0.34828264
0.6517174
4.6372675E-6
0.9999954
0.9983178
0.0016821785
0.049144793
0.95085526
0.99885476
0.0011453158
0.0081236
0.9918764
0.15015791
0.84984213
0.8188798
0.18112022
0.20044066
0.7995593
5.838479E-5
0.9999416
6.3348525E-5
0.9999366
0.84507316
0.15492688
0.07614073
0.9238593
0.0024706135
0.9975294
0.87003267
0.12996735
0.002723714
0.9972763
0.18396883
0.81603116
0.22655617
0.7734439
0.5360155
0.4639845
0.72276634
0.2772337
0.18279624
0.81720376
0.999818
1.8202471E-4
0.9088277
0.09117223
0.8825873
0.11741268
0.1709076
0.8290924
8.063597E-7
0.9999992
0.1777533
0.8222467
0.22886984
0.77113014
0.8171387
0.18286134
0.7583378
0.24166211
0.95381457
0.046185426
0.15706372
0.84293634
1.8841913E-4
0.9998116
0.9998793
1.20701814E-4
0.9939806
0.006019374
3.041409E-4
0.9996959
0.102470405
0.89752966
0.09279206
0.9072079
0.8236801
0.1763199
0.42954785
0.5704522
0.012114273
0.9878857
0.8639318
0.13606833
0.89141685
0.108583115
0.119897544
0.88010246
0.8380692
0.16193084
0.2162673
0.7837327
0.9861785
0.0138214445
0.044702306
0.95529777
0.9984724
0.0015276225
2.3488872E-4
0.9997651
0.8767482
0.12325178
0.68495953
0.3150405
0.84781706
0.15218295
0.0020153956
0.99798465
0.12034101
0.879659
0.9639312
0.036068883
0.97620946
0.023790484
0.99998915
1.0838433E-5
0.049361546
0.9506385
0.87513924
0.12486075
0.5705991
0.429401
0.004282085
0.99571794
0.58125895
0.41874108
0.13369666
0.8663033
2.3620114E-5
0.9999764
0.7353646
0.26463544
0.107714504
0.8922855
0.19392172
0.80607826
0.9465501
0.053449906
0.015222458
0.98477757
0.045950696
0.9540493
0.99721104
0.002788927
0.09699293
0.9030071
0.82048243
0.1795176
5.4529402E-5
0.99994546
0.9999983
1.7822194E-6
0.7747904
0.22520953
0.17906599
0.820934
0.75676066
0.2432394
0.87018406
0.12981588
0.10023216
0.89976776
0.1068703
0.89312977
0.93661004
0.06338996
0.09909784
0.90090215
0.9605987
0.039401274
0.1261888
0.8738112
0.6261919
0.37380812
0.9876355
0.012364495
0.047311597
0.95268846
0.89849705
0.101502955
0.80993354
0.19006641
0.03212569
0.9678743
0.26998442
0.73001564
0.826529
0.17347097
0.9430398
0.056960277
0.16924305
0.83075696
0.89356095
0.10643901
0.046609584
0.9533905
2.173294E-5
0.9999783
0.43492386
0.5650761
2.4410685E-4
0.9997559
0.99224436
0.007755606
0.0012861512
0.99871385
0.7395137
0.26048633
0.89990324
0.10009672
0.49328813
0.50671184
0.9917967
0.00820333
0.00115105
0.9988489
0.9997366
2.6337136E-4
0.9664557
0.033544246
1.7663011E-4
0.9998234
0.96882993
0.031170094
9.335569E-5
0.9999067
0.20614879
0.7938513
0.998301
0.0016989197
0.8892252
0.11077486
0.438551
0.561449
0.95307493
0.04692507
0.2561676
0.7438324
0.7247664
0.27523366
0.0037813967
0.9962186
0.008915611
0.99108446
0.62571675
0.37428328
0.3545325
0.64546746
0.23592767
0.7640723
0.9727026
0.027297396
0.8200717
0.17992833
0.8069668
0.19303319
0.97641546
0.023584567
0.776109
0.223891
0.48072258
0.5192774
0.12098578
0.87901413
0.8338211
0.16617884
0.08271927
0.91728073
0.5234117
0.47658828
0.4306057
0.5693943
0.48347425
0.51652575
0.72103983
0.27896023
0.09874745
0.9012525
0.42246327
0.57753676
0.36141932
0.63858074
0.6038667
0.39613342
0.24148944
0.75851053
0.026728611
0.97327137
0.3822982
0.61770177
0.5218414
0.47815856
0.55441695
0.44558305
0.25011703
0.749883
0.29651192
0.70348805
0.015506788
0.9844932
0.22621073
0.7737893
0.2482739
0.75172603
0.3684349
0.63156515
0.080723025
0.9192771
0.28957525
0.7104247
0.2808285
0.71917146
0.45555833
0.54444176
0.73595804
0.26404193
0.8185701
0.18142992
0.2004981
0.7995019
0.36579767
0.6342023
0.3097756
0.69022435
0.25853682
0.7414632
0.45311028
0.5468897
0.2348978
0.76510215
0.07430284
0.92569715
2.6712025E-4
0.9997329
0.37451568
0.62548435
1.8649372E-4
0.9998135
0.07998221
0.9200178
0.035656918
0.9643431
0.6148686
0.38513148
0.0044070752
0.995593
0.27667862
0.7233214
0.95165044
0.04834961
0.9549802
0.045019772
0.25522396
0.74477607
0.25728
0.74272
1.4658623E-4
0.9998534
0.47034112
0.5296589
1.1535508E-4
0.99988467
0.08820566
0.91179436
0.040661782
0.9593382
0.23788913
0.7621108
0.9728021
0.027197914
0.64541364
0.35458636
0.8647881
0.13521187
0.036877602
0.96312237
5.205806E-5
0.99994797
0.9999576
4.236347E-5
0.2964734
0.7035266
0.90421724
0.09578273
0.34643176
0.6535682
0.5554704
0.44452968
0.8492158
0.15078412
0.06163762
0.9383624
0.8766963
0.12330368
0.6574625
0.34253758
0.011770525
0.98822945
0.62846804
0.37153202
0.4900885
0.50991154
0.07502997
0.9249701
0.013562026
0.9864379
0.010104871
0.98989516
0.0010056811
0.99899435
0.7164353
0.28356466
0.0019738378
0.9980261
0.082626075
0.91737396
0.50178933
0.49821064
4.6064472E-4
0.9995393
0.44694683
0.5530532
0.99951893
4.8106172E-4
0.3339215
0.6660785
0.9999376
6.233888E-5
0.056477383
0.9435226
2.5289395E-5
0.9999747
0.15962416
0.84037584
0.9997602
2.398266E-4
0.07526613
0.92473394
0.11429464
0.8857054
0.17499262
0.8250074
0.6730983
0.3269016
0.02922357
0.97077644
0.5207048
0.47929522
1.4864962E-4
0.9998514
0.18148763
0.8185123
0.23219766
0.7678023
0.027844436
0.97215563
0.17179634
0.8282036
0.0024047482
0.9975952
0.029984936
0.97001505
0.7948422
0.20515779
0.20683347
0.7931666
0.9521146
0.04788539
0.8916852
0.1083148
0.4496872
0.55031276
0.25620562
0.7437943
0.487952
0.51204807
0.6653701
0.3346298
2.9766615E-4
0.99970233
0.08195292
0.918047
0.9997003
2.996052E-4
0.9072669
0.092733145
0.9119637
0.088036396
0.8071046
0.19289538
0.18182157
0.8181784
0.0047247107
0.9952753
0.98673034
0.013269628
0.106601134
0.8933988
0.7800131
0.21998693
0.3021201
0.69787997
0.9422076
0.05779245
0.6884303
0.3115697
0.95892996
0.04107009
0.6136187
0.38638124
0.14053847
0.8594615
0.048970956
0.95102906
6.311481E-5
0.9999369
0.42258474
0.5774153
0.9999881
1.18383505E-5
0.053431373
0.9465686
0.876163
0.123837024
0.8681066
0.13189338
0.17484169
0.8251583
0.01672419
0.9832758
0.70807683
0.2919232
0.019826697
0.9801734
0.9852117
0.014788369
0.52449924
0.47550076
0.7037441
0.2962559
0.76649326
0.2335068
0.9999945
5.5033593E-6
0.9954143
0.004585666
0.32192862
0.6780714
