0.47367
0.43758
0.42104
0.40824
0.39744
0.38636
0.37557
0.36530
0.35640
0.34802
0.34098
0.33436
0.32775
0.32127
0.31458
0.30746
0.30065
0.29500
0.29018
0.28565
0.27942
0.27560
0.27072
0.26550
0.26067
0.25741
0.25337
0.24972
0.24625
0.24366
0.24115
0.23713
0.23381
0.23132
0.22791
0.22421
0.22156
0.21943
0.21587
0.21332
0.21006
0.20786
0.20518
0.20427
0.20166
0.20071
0.19908
0.19725
0.19548
0.19446
0.19357
0.19243
0.19156
0.19037
0.19092
0.18997
0.18865
0.18832
0.18671
0.18527
0.18267
0.18152
0.18096
0.18036
0.18080
0.18138
0.18106
0.17974
0.17821
0.17685
0.17568
0.17424
0.17311
0.17142
0.17028
0.17058
0.17015
0.16928
0.16847
0.16759
0.16646
0.16619
0.16534
0.16365
0.16360
0.16306
0.16297
0.16303
0.16171
0.16176
0.16132
0.16120
0.16151
0.16264
0.16133
0.16027
0.15947
0.15912
0.15904
0.15821
0.15801
0.15729
0.15755
0.15806
0.15766
0.15723
0.15752
0.15592
0.15490
0.15437
0.15407
0.15397
0.15349
0.15376
0.15370
0.15207
0.15223
0.15028
0.15030
0.15047
0.14992
0.14942
0.14859
0.14827
0.14826
0.14712
0.14671
0.14685
0.14706
0.14577
0.14462
0.14501
0.14505
0.14509
0.14526
0.14729
0.14560
0.14658
0.15003
0.14915
0.14843
0.14982
0.15630
0.15599
0.15423
0.15340
0.15339
0.15373
0.15267
0.15300
0.15230
0.15184
0.15118
0.15219
0.15287
0.15217
0.15261
0.15067
0.15077
0.14952
0.14916
0.14933
0.14833
0.14837
0.14942
0.14918
0.14981
0.14943
0.14896
0.14791
0.14627
0.14728
0.14581
0.14522
0.14484
0.14572
0.14604
0.14609
0.14561
0.14662
0.14727
0.14735
0.14718
0.14719
0.14583
0.14716
0.14706
0.14903
0.14805
0.14661
0.14700
0.14530
0.14571
0.14577
0.14526
0.14678
0.14792
0.14860
0.14860
0.14845
0.14762
0.14856
0.14813
0.14774
0.14721
0.14723
0.14632
0.14557
0.14502
0.14483
0.14517
0.14566
0.14545
0.14608
0.14671
0.14710
0.14740
0.14732
0.14710
0.14677
0.14670
0.14732
0.14767
0.14684
0.14730
0.14774
0.14773
0.14610
0.14733
0.14712
0.14764
0.14655
0.14601
0.14576
0.14576
0.13911
0.13913
0.13955
0.13910
0.14542
0.14504
0.14534
0.14556
0.14519
0.14620
0.14572
0.14513
0.14590
0.14481
0.14486
0.14434
0.14331
0.14352
0.14407
0.14414
0.14522
0.14470
0.14438
0.14440
0.14410
0.14471
0.14459
0.14316
0.14564
0.14484
0.14445
0.14438
0.14412
0.14214
0.14145
0.14366
0.14389
0.14299
0.14312
0.14338
0.14434
0.14467
0.14352
0.14482
0.14557
0.14604
0.14619
0.14597
0.14593
0.14691
0.14618
0.14552
0.14626
0.14625
0.14660
0.14601
0.14557
0.14765
0.14615
0.14632
0.14587
0.14542
0.14455
0.14472
0.14361
0.14367
0.14461
0.14502
0.14590
0.14535
0.14469
0.14520
0.14533
0.14505
0.14498
0.14515
0.14503
0.14524
0.14496
0.14370
0.14499
0.14565
0.14455
0.14594
0.14583
0.14515
0.14592
0.14587
0.14685
0.14691
0.14616
0.14553
0.14450
0.14464
0.14421
0.14527
0.14638
0.14583
0.14545
0.14426
0.14468
0.14416
0.14461
0.14497
0.14538
0.14447
0.14519
0.14405
0.14403
0.14389
0.14489
0.14478
0.14467
0.14551
0.14523
0.14376
0.14462
0.14443
0.14444
0.14372
0.14391
0.14459
0.14408
0.14436
0.14487
0.14429
0.14453
0.14550
0.14445
0.14397
0.14404
0.14348
0.14408
0.14348
0.14436
0.14371
0.14372
0.14278
0.14289
0.14303
0.14337
0.14346
0.14357
0.14406
0.14322
0.14363
0.14258
0.14356
0.14317
0.14211
0.14245
0.14236
0.14187
0.14234
0.14335
0.14395
0.14454
0.14464
0.14491
0.14489
0.14560
0.14601
0.14600
0.14669
0.14416
0.14513
0.14466
0.14497
0.14614
0.14514
0.14468
0.14496
0.14513
0.14524
0.14525
0.14446
0.14483
0.14472
0.14594
0.14627
0.14595
0.14679
0.14694
0.14632
0.14613
0.14739
0.14649
0.14755
0.14687
0.14686
0.14596
0.14739
0.14739
0.14761
0.14677
0.14760
0.14543
0.14546
0.14643
0.14631
0.14736
0.14763
0.14677
0.14655
0.14627
0.14667
0.14527
0.14735
0.14693
0.14647
0.14685
0.14748
0.14760
0.14755
0.14928
0.14842
0.14796
0.14855
0.14829
0.14838
0.14840
0.14884
0.14826
0.14858
0.14855
0.14807
0.14786
0.14584
0.14720
0.14806
0.14882
0.14892
0.14911
0.14981
0.15082
0.15035
0.14968
0.14984
0.14950
0.14896
0.14827
0.14828
0.14813
0.14780
0.14787
0.14880
0.14882
0.14874
0.14943
0.14937
0.14878
0.14835
0.14895
0.14813
0.14792
0.14873
0.14833
0.14776
0.14708
0.14728
0.14531
0.14646
0.14753
0.14747
0.14703
0.14755
0.14685
0.14809
0.14742
0.14725
0.14780
0.14598
0.14605
0.14809
0.14707
0.14955
0.14747
0.14811
0.14912
0.14959
0.14926
0.14892
0.14768
0.14994
0.15029
0.15198
0.15077
0.15103
0.15038
0.14997
0.15037
0.15117
0.15257
0.15222
0.15252
0.15221
0.15282
0.15267
0.15210
0.15182
0.15387
0.15349
0.15465
0.15462
0.15395
0.15277
0.15314
0.15444
0.15429
0.15427
0.15445
0.15459
0.15565
0.15560
0.15284
0.15133
0.15102
0.15272
0.15200
0.15367
0.15396
0.15454
0.15279
0.15239
0.15331
0.15381
0.15383
0.15501
0.15495
0.15544
0.15821
0.15786
0.15722
0.15725
0.15597
0.15387
0.15311
0.15476
0.15489
0.15435
0.15619
0.15672
0.15552
0.15421
0.15331
0.15568
0.15620
0.15563
0.15685
0.15615
0.15598
0.15319
0.14910
0.15034
0.14923
0.14847
0.14922
0.14730
0.14659
0.14724
0.14858
0.14769
0.14736
0.14945
0.14794
0.14824
0.15008
0.14973
0.14807
0.14826
0.14750
0.14784
0.14630
0.14848
0.14740
0.14842
0.14842
0.14826
0.14725
0.14775
0.14690
0.14666
0.14690
0.14674
0.14798
0.15043
0.15012
0.15053
0.14855
0.14931
0.14728
0.14746
0.14707
0.14763
0.14840
0.14913
0.14828
0.14820
0.14783
0.14751
0.14806
0.14705
0.14654
0.14775
0.14736
0.14689
0.14674
0.14669
0.14641
0.14678
0.14662
0.14783
0.14599
0.14612
0.14710
0.14787
0.14786
0.14647
0.14848
0.14777
0.14801
0.14747
0.14801
0.14685
0.14690
0.14652
0.14645
0.14687
0.14734
0.14845
0.14905
0.14967
0.14906
0.15039
0.14990
0.15020
0.15203
0.15071
0.15133
0.15050
0.15150
0.15128
0.15176
0.15264
0.15343
0.15464
0.15415
0.15414
0.15693
0.15596
0.15556
0.15449
0.15453
0.15532
0.15556
0.15511
0.15470
0.15521
0.15567
0.15487
0.15439
0.15460
0.15397
0.15357
0.15443
0.15426
0.15477
0.15402
0.15414
0.15545
0.15416
0.15583
0.15538
0.15470
0.15391
0.15371
0.15394
0.15514
0.15476
0.15414
0.15452
0.15562
0.15558
0.15777
0.15580
0.15668
0.15519
0.15441
0.15694
0.15603
0.15462
0.15685
0.15457
0.15284
0.15294
0.15348
0.15545
0.15470
0.15508
0.15697
0.15889
0.15831
0.15826
0.15676
0.15713
0.15814
0.15825
0.15456
0.15551
0.15412
0.15419
0.15298
0.15421
0.15344
0.15324
0.15276
0.15349
0.15386
0.15349
0.15309
0.15381
0.15166
0.15078
0.15155
0.14988
0.15083
0.15058
0.14933
0.14918
0.15108
0.15036
0.15094
0.14891
0.14899
0.14877
0.14980
0.15024
0.15024
0.15142
0.15194
0.15292
0.15051
0.15023
0.15144
0.15159
0.15181
0.15187
0.15111
0.15033
0.15065
0.15064
0.15058
0.15095
0.15091
0.15074
0.15050
0.15050
0.15032
0.14921
0.14834
0.14825
0.14852
0.14880
0.14846
0.14784
0.14863
0.14896
0.14901
0.14913
0.14954
0.14950
0.14990
0.14993
0.15010
0.15086
0.14988
0.14986
0.15015
0.14927
0.14906
0.14933
0.14937
0.15018
0.15034
0.15016
0.15049
0.14950
0.15015
0.15012
0.14935
0.15020
0.15081
0.15031
0.15006
0.14989
0.14975
0.14921
0.15026
0.14989
0.15068
0.15060
0.15016
0.15109
0.15140
0.15091
0.15037
0.14918
0.14829
0.14864
0.14816
0.14891
0.14843
0.14931
0.14984
0.14982
0.15069
0.15088
0.15054
0.14975
0.15035
0.15081
0.15004
0.14996
0.14950
0.14939
0.15024
0.14985
0.14812
0.14877
0.14944
0.14911
0.14908
0.14890
0.14908
0.14840
0.14885
0.14918
0.14938
0.14850
0.14809
0.14795
0.14827
0.14880
0.14793
0.14935
0.14894
0.14794
0.14624
0.14661
0.14841
0.14658
0.14710
0.14694
0.14660
0.14632
0.14656
0.14639
0.14579
0.14618
0.14577
0.14741
0.14772
0.14687
0.14735
0.14696
0.14662
0.14662
0.14588
0.14645
0.14612
0.14553
0.14724
0.14532
0.14721
0.14707
0.14820
0.14931
0.14862
0.14788
0.14745
0.14799
0.14925
0.14756
0.14850
0.14927
0.14906
0.15096
0.15067
0.15073
0.15098
0.15164
0.15061
0.15181
0.15163
0.15082
0.15081
0.15136
0.15101
0.15095
0.15028
0.14973
0.14985
0.14920
0.14925
0.15017
0.15014
0.15014
0.15085
0.15111
0.15145
0.15093
0.15105
0.15141
0.15152
0.15047
0.15026
0.14945
0.14967
0.15034
0.14954
0.14970
0.15034
0.15052
0.15061
0.15116
0.15154
0.15139
0.15100
0.15157
0.15173
0.15158
0.15099
0.14991
0.15048
0.15035
0.15112
0.15048
0.15166
0.15187
0.15153
0.15176
0.15089
0.15107
0.15151
0.15171
0.15201
0.15227
0.15016
0.15145
0.15126
0.15109
0.15098
0.15092
0.15072
0.14896
0.14935
0.14925
0.14901
0.15101
0.15050
0.15042
0.14975
0.14931
0.15049
0.15011
