0.47367
0.43268
0.41153
0.39373
0.37790
0.36299
0.34905
0.33612
0.32367
0.31273
0.30272
0.29228
0.28313
0.27394
0.26610
0.25873
0.25052
0.24317
0.23639
0.22934
0.22392
0.21772
0.21338
0.20800
0.20281
0.19869
0.19529
0.19162
0.18887
0.18535
0.18197
0.17893
0.17665
0.17366
0.17252
0.17085
0.17169
0.17248
0.17012
0.16793
0.16567
0.16446
0.16297
0.16184
0.16160
0.15971
0.15759
0.15614
0.15466
0.15325
0.15223
0.15101
0.15027
0.14871
0.14685
0.14641
0.14499
0.14458
0.14409
0.14338
0.14332
0.14307
0.14290
0.14246
0.13704
0.13697
0.13524
0.13523
0.13465
0.13211
0.13167
0.13111
0.13054
0.12961
0.12911
0.12890
0.12875
0.12850
0.12802
0.12720
0.12599
0.12596
0.12976
0.12861
0.12712
0.12694
0.12755
0.12785
0.12815
0.12781
0.12820
0.12831
0.12889
0.12817
0.12734
0.12733
0.12903
0.12787
0.12684
0.12710
0.12794
0.12761
0.12790
0.12794
0.12754
0.12818
0.12672
0.12659
0.12643
0.12661
0.12774
0.12655
0.12644
0.12612
0.12684
0.12581
0.12434
0.12532
0.12452
0.12371
0.12536
0.12493
0.12520
0.12497
0.12461
0.12462
0.12486
0.12324
0.12345
0.12390
0.12398
0.12374
0.12364
0.12314
0.12389
0.12347
0.12307
0.12320
0.12329
0.12234
0.12280
0.12263
0.12301
0.12242
0.12189
0.12286
0.12251
0.12288
0.12262
0.12264
0.12297
0.12195
0.12191
0.12342
0.12301
0.12225
0.12249
0.12171
0.12258
0.12161
0.12225
0.12284
0.12122
0.12234
0.12212
0.12155
0.12098
0.12090
0.12173
0.12129
0.12203
0.12296
0.12106
0.12205
0.12219
0.12172
0.12231
0.12205
0.12209
0.12164
0.12235
0.12299
0.12176
0.12236
0.12195
0.12155
0.12111
0.12126
0.12144
0.12212
0.12170
0.12150
0.12105
0.12099
0.12055
0.12182
0.12152
0.12224
0.12170
0.12174
0.12162
0.12065
0.12181
0.12130
0.12045
0.12060
0.12010
0.12092
0.12140
0.12134
0.12143
0.12108
0.12094
0.12125
0.12075
0.12101
0.12126
0.12096
0.12088
0.12109
0.12079
0.12055
0.12078
0.12201
0.12222
0.12229
0.12291
0.12208
0.12287
0.12362
0.12222
0.12208
0.12218
0.12232
0.12230
0.12232
0.12198
0.12161
0.12137
0.12169
0.12226
0.12217
0.12295
0.12352
0.12303
0.12387
0.12277
0.12345
0.12218
0.12299
0.12312
0.12420
0.12177
0.12241
0.12180
0.12220
0.12199
0.12290
0.12284
0.12359
0.12301
0.12307
0.12311
0.12362
0.12300
0.12218
0.12133
0.12290
0.12223
0.12271
0.12174
0.12135
0.12114
0.12210
0.12290
0.12277
0.12067
0.12174
0.12222
0.12063
0.12100
0.12219
0.12152
0.12204
0.12129
0.12141
0.12212
0.11924
0.11934
0.11721
0.11796
0.11694
0.11798
0.11814
0.11969
0.11929
0.11944
0.12042
0.12042
0.11935
0.11915
0.12019
0.11882
0.11884
0.11957
0.11935
0.12135
0.12026
0.12017
0.11955
0.11935
0.11961
0.11878
0.11953
0.11769
0.11857
0.11855
0.11854
0.11808
0.11826
0.11844
0.11898
0.11894
0.11831
0.11820
0.11801
0.11910
0.11890
0.11823
0.11827
0.11874
0.11923
0.11965
0.11989
0.12050
0.11998
0.12078
0.12036
0.12052
0.12012
0.12076
0.12064
0.12122
0.12009
0.11996
0.11956
0.11875
0.11894
0.12116
0.11988
0.12077
0.12163
0.12170
0.12147
0.12088
0.12185
0.12164
0.12249
0.12168
0.12252
0.12245
0.12361
0.12505
0.12463
0.12462
0.12360
0.12358
0.12326
0.12337
0.12348
0.12345
0.12359
0.12313
0.12301
0.12314
0.12342
0.12391
0.12483
0.12619
0.12553
0.12453
0.12469
0.12403
0.12520
0.12384
0.12436
0.12348
0.12359
0.12428
0.12470
0.12428
0.12437
0.12358
0.12359
0.12377
0.12312
0.12282
0.12299
0.12299
0.12327
0.12266
0.12178
0.12266
0.12316
0.12243
0.12256
0.12306
0.12306
0.12342
0.12333
0.12515
0.12570
0.12544
0.12501
0.12680
0.12646
0.12547
0.12536
0.12515
0.12465
0.12500
0.12487
0.12472
0.12424
0.12267
0.12259
0.12164
0.12282
0.12277
0.12306
0.12367
0.12439
0.12334
0.12331
0.12209
0.12141
0.12101
0.12144
0.12022
0.12081
0.12020
0.12097
0.11952
0.12113
0.12227
0.12246
0.12222
0.12176
0.12150
0.12174
0.12329
0.12372
0.12331
0.12406
0.12400
0.12390
0.12395
0.12444
0.12348
0.12482
0.12461
0.12440
0.12447
0.12352
0.12349
0.12341
0.12361
0.12345
0.12239
0.12315
0.12328
0.12296
0.12252
0.12414
0.12338
0.12347
0.12272
0.12212
0.12112
0.12284
0.12287
0.12273
0.12238
0.12320
0.12379
0.12344
0.12206
0.12250
0.12263
0.12094
0.12059
0.11974
0.12060
0.12043
0.12042
0.12089
0.12008
0.12235
0.12265
0.12227
0.12294
0.12306
0.12340
0.12242
0.12249
0.12348
0.12327
0.12360
0.12096
0.12125
0.12155
0.12126
0.12252
0.12186
0.12191
0.12269
0.12278
0.12222
0.12173
0.12103
0.12203
0.12356
0.12317
0.12349
0.12428
0.12448
0.12342
0.12310
0.12254
0.12312
0.12348
0.12432
0.12261
0.12366
0.12312
0.12434
0.12442
0.12378
0.12478
0.12469
0.12394
0.12315
0.12299
0.12227
0.12307
0.12341
0.12284
0.12209
0.12172
0.12283
0.12203
0.12251
0.12227
0.12220
0.12131
0.12283
0.12238
0.12159
0.12200
0.12052
0.12224
0.12211
0.12301
0.12237
0.12255
0.12080
0.12133
0.12228
0.12293
0.12233
0.12142
0.12244
0.12286
0.12254
0.12346
0.12290
0.12148
0.12230
0.12152
0.12223
0.12202
0.12254
0.12221
0.12294
0.12258
0.12316
0.12466
0.12679
0.12511
0.12484
0.12456
0.12494
0.12401
0.12402
0.12371
0.12560
0.12449
0.12537
0.12421
0.12404
0.12494
0.12569
0.12452
0.12597
0.12531
0.12636
0.12620
0.12406
0.12384
0.12311
0.12351
0.12372
0.12352
0.12278
0.12271
0.12395
0.12310
0.12302
0.12196
0.12258
0.12208
0.12309
0.12404
0.12301
0.12387
0.12234
0.12098
0.12247
0.12136
0.12217
0.12294
0.12214
0.12282
0.12172
0.12264
0.12179
0.12287
0.12245
0.12228
0.12302
0.12129
0.12120
0.12120
0.12113
0.12138
0.12144
0.12044
0.12133
0.12120
0.12157
0.12140
0.12269
0.12316
0.12324
0.12262
0.12367
0.12478
0.12455
0.12410
0.12426
0.12577
0.12567
0.12489
0.12354
0.12310
0.12234
0.12280
0.12354
0.12207
0.12395
0.12325
0.12261
0.12313
0.12265
0.12323
0.12269
0.12340
0.12225
0.12320
0.12312
0.12413
0.12436
0.12562
0.12529
0.12515
0.12612
0.12631
0.12673
0.12764
0.12657
0.12594
0.12527
0.12405
0.12465
0.12487
0.12579
0.12692
0.12758
0.12517
0.12381
0.12432
0.12450
0.12490
0.12524
0.12518
0.12586
0.12579
0.12635
0.12471
0.12535
0.12495
0.12528
0.12521
0.12345
0.12289
0.12281
0.12281
0.12271
0.12238
0.12405
0.12208
0.12200
0.12226
0.12203
0.12224
0.12352
0.12354
0.12429
0.12404
0.12380
0.12348
0.12347
0.12462
0.12378
0.12402
0.12378
0.12321
0.12349
0.12373
0.12379
0.12353
0.12283
0.12412
0.12422
0.12380
0.12380
0.12570
0.12556
0.12471
0.12297
0.12342
0.12401
0.12358
0.12472
0.12465
0.12584
0.12451
0.12630
0.12603
0.12569
0.12584
0.12449
0.12437
0.12453
0.12395
0.12449
0.12638
0.12574
0.12679
0.12611
0.12451
0.12611
0.12565
0.12713
0.12714
0.12670
0.12671
0.12777
0.12749
0.12663
0.12690
0.12584
0.12731
0.12718
0.12643
0.12593
0.12647
0.12690
0.12806
0.12635
0.12995
0.12969
0.12981
0.12891
0.12836
0.12859
0.12813
0.12926
0.12888
0.12958
0.13057
0.12911
0.12869
0.12766
0.12698
0.12653
0.12677
0.12712
0.12740
0.12867
0.13021
0.12946
0.13039
0.12905
0.12821
0.12825
0.12771
0.13009
0.13004
0.13011
0.12773
0.12858
0.12789
0.12689
0.12682
0.12795
0.12719
0.12634
0.12812
0.12735
0.12665
0.12721
0.12624
0.12630
0.12582
0.12560
0.12651
0.12673
0.12676
0.12701
0.12666
0.12770
0.12851
0.13008
0.12860
0.13042
0.12726
0.13032
0.12765
0.12780
0.12822
0.12786
0.12733
0.12698
0.12620
0.12760
0.12923
0.12789
0.12749
0.12775
0.12794
0.12909
0.12859
0.12665
0.12669
0.12778
0.12712
0.12566
0.12448
0.12624
0.12624
0.12581
0.12535
0.12549
0.12609
0.12552
0.12775
0.12590
0.12652
0.12679
0.12589
0.12602
0.12675
0.12559
0.12637
0.12672
0.12536
0.12660
0.12744
0.12746
0.12621
0.12828
0.12836
0.12864
0.12646
0.12635
0.12487
0.12521
0.12557
0.12521
0.12582
0.12723
0.12628
0.12608
0.12583
0.12547
0.12477
0.12510
0.12623
0.12778
0.12746
0.12734
0.12664
0.12496
0.12355
0.12443
0.12431
0.12515
0.12717
0.12592
0.12436
0.12531
0.12689
0.12671
0.12716
0.12542
0.12537
0.12642
0.12545
0.12484
0.12455
0.12290
0.12448
0.12235
0.12368
0.12321
0.12397
0.12260
0.12231
0.12205
0.12375
0.12430
0.12373
0.12433
0.12505
0.12592
0.12701
0.12635
0.12796
0.12839
0.12908
0.12783
0.12697
0.12777
0.12905
0.12819
0.12766
0.12703
0.12824
0.12856
0.12775
0.12848
0.12753
0.12766
0.12624
0.12671
0.12830
0.12806
0.12878
0.12905
0.12936
0.12917
0.12776
0.12935
0.12941
0.12916
0.12841
0.12880
0.12877
0.12810
0.13020
0.12885
0.12999
0.12728
0.12870
0.12789
0.12605
0.12500
0.12548
0.12514
0.12499
0.12479
0.12381
0.12466
0.12475
0.12563
0.12655
0.12619
0.12546
0.12814
