0.47367
0.42800
0.40305
0.38241
0.36318
0.34561
0.32906
0.31451
0.30058
0.28787
0.27636
0.26571
0.25612
0.24631
0.23767
0.23055
0.22340
0.21748
0.21096
0.20640
0.20197
0.19888
0.19435
0.18935
0.18520
0.18124
0.17865
0.17618
0.17502
0.17342
0.17023
0.16998
0.16775
0.16709
0.16511
0.16381
0.16261
0.16127
0.15739
0.15598
0.15516
0.15338
0.15213
0.15145
0.14966
0.14866
0.14825
0.14688
0.14560
0.14573
0.14372
0.14404
0.14308
0.14297
0.14263
0.14261
0.14215
0.14075
0.14026
0.14140
0.14094
0.13999
0.13955
0.13933
0.14072
0.14012
0.13929
0.14031
0.14178
0.13999
0.13894
0.13854
0.13840
0.13902
0.13889
0.13871
0.13856
0.13729
0.13771
0.13897
0.13853
0.13841
0.13935
0.13914
0.13776
0.13801
0.13788
0.13669
0.13788
0.13711
0.13733
0.13723
0.13759
0.13678
0.13750
0.13985
0.13922
0.14014
0.13903
0.13888
0.14096
0.14076
0.13929
0.13931
0.13886
0.13891
0.13860
0.13806
0.13950
0.14034
0.14083
0.13991
0.14067
0.14049
0.13976
0.13912
0.14026
0.14079
0.13988
0.13991
0.13902
0.14103
0.13984
0.13969
0.13948
0.14039
0.13957
0.13966
0.13935
0.13886
0.13905
0.13868
0.13864
0.13925
0.13929
0.13850
0.13809
0.13892
0.13978
0.13928
0.14101
0.14162
0.14119
0.13954
0.14040
0.14058
0.14036
0.13974
0.14032
0.14115
0.14207
0.14192
0.14184
0.14247
0.14314
0.14179
0.14126
0.14092
0.14144
0.14207
0.14042
0.14204
0.14193
0.14155
0.14239
0.14352
0.14268
0.14326
0.14338
0.14309
0.14258
0.14092
0.14192
0.14243
0.14319
0.14176
0.14192
0.14334
0.14209
0.14186
0.14246
0.14206
0.14110
0.14194
0.14207
0.14199
0.14233
0.14134
0.14178
0.14177
0.14125
0.14173
0.14045
0.13974
0.13989
0.14134
0.14028
0.14067
0.14191
0.14188
0.14293
0.14217
0.14273
0.14232
0.14279
0.14376
0.14223
0.14248
0.14177
0.14183
0.14239
0.14097
0.14062
0.14061
0.13999
0.14083
0.14251
0.14300
0.14424
0.14405
0.14482
0.14474
0.14382
0.14451
0.14488
0.14488
0.14437
0.14232
0.14331
0.14177
0.14167
0.14142
0.14198
0.14213
0.14221
0.14230
0.14407
0.14324
0.14361
0.14307
0.14372
0.14289
0.14196
0.14257
0.14188
0.14403
0.14481
0.14517
0.14560
0.14394
0.14291
0.14374
0.14320
0.14278
0.14290
0.14347
0.14525
0.14511
0.14645
0.14661
0.14576
0.14574
0.14556
0.14623
0.14669
0.14638
0.14551
0.14821
0.14872
0.14855
0.14825
0.14878
0.14885
0.14774
0.14784
0.14870
0.14809
0.14761
0.14867
0.14785
0.14705
0.14713
0.14918
0.14888
0.14923
0.14852
0.14945
0.14933
0.14936
0.14848
0.14946
0.14958
0.14887
0.14746
0.14713
0.14701
0.14699
0.14708
0.14626
0.14624
0.14563
0.14496
0.14383
0.14367
0.14551
0.14550
0.14538
0.14564
0.14569
0.14561
0.14672
0.14505
0.14531
0.14671
0.14644
0.14718
0.14808
0.14816
0.14721
0.14739
0.14679
0.14723
0.14783
0.14677
0.14690
0.14681
0.14515
0.14643
0.14608
0.14553
0.14519
0.14474
0.14477
0.14464
0.14569
0.14541
0.14471
0.14498
0.14423
0.14235
0.14410
0.14478
0.14312
0.14146
0.14095
0.14108
0.14152
0.14151
0.14268
0.14351
0.14373
0.14492
0.14514
0.14509
0.14589
0.14541
0.14605
0.14462
0.14442
0.14395
0.14441
0.14462
0.14435
0.14505
0.14542
0.14550
0.14483
0.14547
0.14547
0.14460
0.14411
0.14475
0.14459
0.14533
0.14469
0.14460
0.14428
0.14342
0.14225
0.14364
0.14385
0.14499
0.14573
0.14562
0.14648
0.14581
0.14670
0.14787
0.14775
0.14692
0.14763
0.14689
0.14709
0.14653
0.14620
0.14694
0.14577
0.14633
0.14628
0.14692
0.14751
0.14825
0.14797
0.14710
0.14777
0.14867
0.14944
0.14942
0.14943
0.15024
0.15241
0.14963
0.14988
0.15009
0.15141
0.14975
0.14895
0.14976
0.15078
0.14993
0.14941
0.14964
0.14910
0.14966
0.14807
0.14849
0.14908
0.14872
0.14883
0.14898
0.14961
0.14922
0.14865
0.15014
0.15042
0.15081
0.14987
0.14897
0.14920
0.14970
0.14961
0.15014
0.14949
0.15018
0.14971
0.15016
0.15013
0.14944
0.14832
0.14793
0.14874
0.14994
0.14919
0.14766
0.14815
0.14886
0.14953
0.15061
0.14860
0.14841
0.15032
0.15102
0.15078
0.15204
0.15291
0.15162
0.15234
0.15119
0.15164
0.15079
0.15104
0.14929
0.14999
0.14949
0.15009
0.14940
0.15006
0.14880
0.14829
0.14869
0.14952
0.14923
0.14946
0.15036
0.15039
0.15043
0.14925
0.14868
0.14912
0.14844
0.14825
0.14793
0.14700
0.14640
0.14499
0.14510
0.14534
0.14581
0.14633
0.14734
0.14754
0.14876
0.14660
0.14620
0.14673
0.14704
0.14823
0.14777
0.14772
0.14793
0.14844
0.14872
0.14806
0.14917
0.14793
0.14727
0.14742
0.14834
0.14845
0.14891
0.14924
0.15100
0.15125
0.15088
0.15030
0.15110
0.15107
0.15024
0.14938
0.15080
0.14939
0.14908
0.14899
0.15041
0.14965
0.15034
0.15068
0.14945
0.14932
0.14936
0.15096
0.15008
0.15190
0.15143
0.15042
0.15019
0.15002
0.15027
0.14811
0.14901
0.14918
0.14816
0.14881
0.14843
0.14744
0.14803
0.14795
0.14849
0.14780
0.14867
0.14859
0.14841
0.14939
0.14742
0.14702
0.14702
0.14655
0.14734
0.14799
0.14742
0.14860
0.14757
0.14759
0.14773
0.14947
0.15027
0.14900
0.14848
0.14866
0.14998
0.14966
0.14922
0.15084
0.15007
0.15110
0.14956
0.14789
0.14702
0.14678
0.14745
0.14479
0.14644
0.14873
0.15002
0.14974
0.14933
0.14903
0.14951
0.14859
0.14967
0.15022
0.14900
0.14912
0.14954
0.14953
0.14931
0.15126
0.15079
0.14956
0.14858
0.14930
0.15006
0.14985
0.15033
0.15025
0.15033
0.15079
0.15152
0.15158
0.15081
0.15117
0.15177
0.15005
0.14935
0.14800
0.14690
0.14818
0.14820
0.14765
0.14783
0.14767
0.14703
0.14646
0.14544
0.14546
0.14599
0.14655
0.14679
0.14526
0.14598
0.14576
0.14627
0.14594
0.14596
0.14826
0.14868
0.14780
0.14944
0.14877
0.14840
0.14940
0.14785
0.14693
0.14796
0.14611
0.14530
0.14640
0.14607
0.14556
0.14530
0.14445
0.14525
0.14522
0.14482
0.14528
0.14560
0.14516
0.14467
0.14462
0.14573
0.14617
0.14447
0.14703
0.14758
0.14792
0.14677
0.14870
0.14731
0.14761
0.14750
0.14626
0.14727
0.14674
0.14659
0.14651
0.14590
0.14427
0.14572
0.14604
0.14556
0.14639
0.14467
0.14484
0.14573
0.14600
0.14850
0.14904
0.14831
0.14817
0.14694
0.14590
0.14669
0.14669
0.14686
0.14675
0.14557
0.14690
0.14623
0.14741
0.14710
0.14739
0.14617
0.14617
0.14760
0.14786
0.14753
0.14738
0.14572
0.14342
0.14711
0.14576
0.14666
0.14741
0.14633
0.14563
0.14601
0.14584
0.14607
0.14713
0.14688
0.14680
0.14659
0.14621
0.14519
0.14618
0.14559
0.14559
0.14575
0.14505
0.14508
0.14555
0.14458
0.14534
0.14533
0.14495
0.14628
0.14657
0.14581
0.14488
0.14457
0.14411
0.14460
0.14576
0.14504
0.14579
0.14578
0.14792
0.14482
0.14490
0.14464
0.14487
0.14357
0.14376
0.14454
0.14582
0.14522
0.14501
0.14492
0.14410
0.14358
0.14474
0.14376
0.14273
0.14105
0.14220
0.14180
0.14266
0.14293
0.14274
0.14310
0.14311
0.14499
0.14464
0.14322
0.14339
0.14238
0.14166
0.14347
0.14301
0.14324
0.14229
0.14412
0.14382
0.14486
0.14279
0.14416
0.14552
0.14446
0.14489
0.14476
0.14475
0.14557
0.14487
0.14506
0.14515
0.14560
0.14635
0.14595
0.14699
0.14650
0.14671
0.14540
0.14654
0.14523
0.14333
0.14238
0.14134
0.13994
0.14074
0.14105
0.14044
0.14047
0.14206
0.14085
0.13982
0.13977
0.13904
0.14032
0.14201
0.14265
0.14439
0.14297
0.14298
0.14306
0.14189
0.14290
0.14249
0.14360
0.14117
0.14216
0.14195
0.14260
0.14323
0.14372
0.14441
0.14342
0.14307
0.14361
0.14395
0.14455
0.14363
0.14439
0.14613
0.14494
0.14447
0.14517
0.14483
0.14373
0.14486
0.14402
0.14518
0.14547
0.14546
0.14556
0.14565
0.14649
0.14677
0.14635
0.14548
0.14445
0.14489
0.14556
0.14648
0.14505
0.14497
0.14512
0.14472
0.14445
0.14337
0.14388
0.14628
0.14719
0.14717
0.14643
0.14720
0.14763
0.14845
0.14809
0.14714
0.14817
0.14897
0.14948
0.15050
0.14965
0.14870
0.14858
0.14874
0.14854
0.14804
0.14983
0.15051
0.15046
0.14934
0.15047
0.14988
0.15137
0.15070
0.15248
0.15136
0.15011
0.15123
0.14952
0.14884
0.14863
0.14796
0.14772
0.14791
0.14682
0.14636
0.14809
0.14673
0.14774
0.14747
0.14866
0.14838
0.14938
0.14799
0.14866
0.14604
0.14681
0.14514
0.14525
0.14581
0.14621
0.14708
0.14783
0.14779
0.14709
0.14830
0.14884
0.14956
0.15007
0.15012
0.15039
0.14955
0.14894
0.14818
0.14699
0.14592
0.14841
0.14810
0.14914
0.14715
0.14809
0.14881
0.14882
0.14753
0.14729
0.14664
0.14769
0.14754
0.14848
0.14857
0.14888
0.15001
0.15018
0.14960
0.15005
0.14880
0.14975
0.14890
0.14746
0.14726
0.14780
0.14697
0.14635
0.14683
0.14659
0.14687
0.14741
0.14777
0.14753
0.14951
0.15057
0.15033
0.15077
0.15029
0.15038
0.15003
0.15081
0.14993
0.14903
0.14784
0.14889
0.14966
0.14927
0.15189
0.15140
0.15117
0.15017
