0.47367
0.43523
0.41663
0.40030
0.38518
0.37325
0.36100
0.35061
0.34158
0.33193
0.32262
0.31522
0.30657
0.29850
0.29118
0.28441
0.27789
0.27256
0.26721
0.26175
0.25609
0.24971
0.24573
0.24105
0.23641
0.23153
0.22816
0.22475
0.21997
0.21686
0.21293
0.21028
0.20807
0.20509
0.20303
0.19972
0.19629
0.19406
0.19179
0.18947
0.18792
0.18543
0.18218
0.17966
0.17889
0.17738
0.17703
0.17583
0.17513
0.17319
0.17156
0.17016
0.17011
0.16928
0.16823
0.16619
0.16489
0.16376
0.16251
0.16070
0.15931
0.15822
0.15782
0.15704
0.15561
0.15490
0.15420
0.15308
0.15069
0.14889
0.14793
0.14884
0.14856
0.14821
0.14752
0.14635
0.14627
0.14500
0.14320
0.14282
0.14146
0.14127
0.14125
0.14026
0.13815
0.13782
0.13787
0.13674
0.13659
0.13590
0.13555
0.13508
0.13464
0.13571
0.13545
0.13563
0.13516
0.13446
0.13410
0.13448
0.13410
0.13296
0.13334
0.13313
0.13328
0.13504
0.13321
0.13230
0.13300
0.13262
0.13134
0.13182
0.13144
0.13213
0.13142
0.13169
0.13193
0.13149
0.12997
0.13019
0.12964
0.13059
0.13100
0.13249
0.13214
0.13244
0.13286
0.13171
0.13102
0.12977
0.13029
0.13013
0.13219
0.13147
0.13170
0.13151
0.13124
0.13122
0.13059
0.13100
0.13131
0.13150
0.12990
0.13094
0.13028
0.12993
0.13091
0.13019
0.13128
0.13223
0.13074
0.13109
0.13014
0.13093
0.13054
0.13113
0.13086
0.13086
0.13121
0.13040
0.13056
0.13095
0.13071
0.13026
0.12975
0.13116
0.13043
0.13031
0.13111
0.13064
0.13117
0.13131
0.13013
0.12961
0.12906
0.12853
0.12879
0.12817
0.12916
0.12799
0.12791
0.12729
0.12829
0.12772
0.12667
0.12714
0.12720
0.12770
0.12758
0.12814
0.12664
0.12701
0.12824
0.13004
0.12987
0.13027
0.13087
0.13075
0.13053
0.12886
0.12814
0.12936
0.12906
0.12935
0.12893
0.12926
0.12913
0.13000
0.13042
0.12964
0.12969
0.13091
0.13126
0.13210
0.13127
0.13084
0.13164
0.13169
0.13102
0.13160
0.13098
0.13222
0.13180
0.13207
0.13193
0.13044
0.13137
0.13147
0.13274
0.13223
0.13132
0.13167
0.13084
0.13173
0.13104
0.13147
0.13160
0.13017
0.12990
0.13058
0.13036
0.12949
0.13071
0.13036
0.13028
0.13008
0.13114
0.12980
0.13030
0.13006
0.13088
0.13068
0.13038
0.13003
0.13088
0.13194
0.13125
0.13042
0.13026
0.13017
0.12948
0.13001
0.13196
0.13183
0.13172
0.13135
0.13135
0.13086
0.13139
0.13056
0.12898
0.12775
0.12828
0.12914
0.12768
0.12863
0.12882
0.12898
0.12873
0.12693
0.12714
0.12743
0.12796
0.12764
0.12659
0.12701
0.12766
0.12672
0.12713
0.12636
0.12661
0.12750
0.12860
0.12867
0.12880
0.12958
0.12887
0.12834
0.12862
0.12860
0.12853
0.12791
0.12814
0.12853
0.12853
0.12811
0.12786
0.12771
0.12777
0.12773
0.12699
0.12740
0.12795
0.12687
0.12639
0.12689
0.12781
0.12675
0.12636
0.12728
0.12720
0.12725
0.12672
0.12692
0.12820
0.12663
0.12706
0.12704
0.12723
0.12778
0.12845
0.12854
0.12898
0.12950
0.12895
0.12849
0.12871
0.12725
0.12779
0.12711
0.12813
0.12795
0.12821
0.12772
0.12665
0.12756
0.12865
0.12785
0.12679
0.12755
0.12677
0.12842
0.12902
0.12925
0.12960
0.13026
0.13074
0.13093
0.13086
0.12985
0.13057
0.13000
0.12831
0.12979
0.12899
0.12922
0.13088
0.13020
0.13104
0.12973
0.12980
0.12925
0.13017
0.13025
0.13065
0.13024
0.13050
0.12962
0.12981
0.13071
0.13048
0.13024
0.13046
0.13021
0.13075
0.13101
0.13101
0.13090
0.13081
0.13077
0.12898
0.12858
0.12874
0.12726
0.12693
0.12730
0.12806
0.12824
0.12740
0.12798
0.12684
0.12747
0.12843
0.12653
0.12676
0.12663
0.12686
0.12652
0.12626
0.12544
0.12524
0.12537
0.12528
0.12561
0.12590
0.12570
0.12608
0.12557
0.12588
0.12648
0.12666
0.12631
0.12704
0.12783
0.12845
0.12796
0.12752
0.12865
0.12766
0.12693
0.12643
0.12595
0.12647
0.12720
0.12678
0.12583
0.12483
0.12504
0.12464
0.12429
0.12392
0.12359
0.12356
0.12499
0.12405
0.12289
0.12265
0.12274
0.12284
0.12304
0.12315
0.12268
0.12221
0.12372
0.12417
0.12484
0.12336
0.12314
0.12284
0.12346
0.12389
0.12356
0.12330
0.12399
0.12381
0.12477
0.12468
0.12540
0.12562
0.12528
0.12422
0.12355
0.12388
0.12589
0.12576
0.12562
0.12479
0.12414
0.12616
0.12689
0.12848
0.12778
0.12647
0.12633
0.12729
0.12713
0.12748
0.12649
0.12671
0.12553
0.12589
0.12586
0.12535
0.12388
0.12407
0.12464
0.12267
0.12167
0.12236
0.12455
0.12544
0.12433
0.12406
0.12426
0.12509
0.12360
0.12466
0.12499
0.12378
0.12349
0.12354
0.12348
0.12382
0.12440
0.12412
0.12478
0.12476
0.12421
0.12478
0.12432
0.12276
0.12194
0.12413
0.12420
0.12501
0.12521
0.12557
0.12609
0.12645
0.12634
0.12565
0.12653
0.12584
0.12550
0.12484
0.12537
0.12757
0.12745
0.12757
0.12766
0.12958
0.13038
0.13107
0.13097
0.13111
0.12997
0.12987
0.12847
0.12805
0.12921
0.12914
0.13006
0.13054
0.13141
0.13113
0.13175
0.13225
0.13207
0.13156
0.13155
0.13133
0.13120
0.13018
0.12991
0.12965
0.12944
0.12916
0.12919
0.12983
0.12819
0.12833
0.12895
0.12881
0.12874
0.12884
0.12943
0.13051
0.13087
0.13052
0.13004
0.13017
0.12971
0.12957
0.13019
0.13006
0.13082
0.13004
0.13007
0.13005
0.13067
0.12990
0.13063
0.13168
0.13079
0.13099
0.13114
0.13150
0.13074
0.13088
0.13159
0.13108
0.12856
0.12882
0.12798
0.12907
0.12907
0.12790
0.12746
0.12748
0.12699
0.12721
0.12854
0.12839
0.12824
0.12902
0.12933
0.12775
0.12854
0.12971
0.13011
0.13007
0.12768
0.12863
0.12965
0.12907
0.12902
0.12961
0.12810
0.12931
0.12963
0.12972
0.12984
0.13078
0.13034
0.13007
0.12886
0.12871
0.12764
0.12715
0.12619
0.12478
0.12548
0.12742
0.12762
0.12620
0.12639
0.12540
0.12576
0.12614
0.12646
0.12722
0.12728
0.12693
0.12820
0.12793
0.12826
0.12813
0.12783
0.12631
0.12693
0.12719
0.12733
0.12839
0.12847
0.12764
0.12790
0.12624
0.12628
0.12758
0.12813
0.12864
0.12928
0.12968
0.12911
0.12833
0.12709
0.12691
0.12599
0.12740
0.12817
0.12815
0.12711
0.12750
0.12719
0.12779
0.12789
0.12783
0.12618
0.12551
0.12542
0.12548
0.12470
0.12474
0.12439
0.12518
0.12532
0.12540
0.12585
0.12514
0.12394
0.12361
0.12422
0.12390
0.12407
0.12412
0.12365
0.12489
0.12625
0.12634
0.12666
0.12642
0.12657
0.12727
0.12595
0.12601
0.12729
0.12640
0.12496
0.12564
0.12604
0.12678
0.12632
0.12692
0.12694
0.12654
0.12721
0.12616
0.12592
0.12545
0.12586
0.12512
0.12557
0.12639
0.12579
0.12451
0.12567
0.12554
0.12611
0.12693
0.12748
0.12769
0.12783
0.12710
0.12749
0.12827
0.12855
0.12849
0.12878
0.12747
0.12678
0.12752
0.12863
0.12853
0.12778
0.12797
0.12877
0.12883
0.12780
0.12792
0.12695
0.12677
0.12677
0.12696
0.12590
0.12557
0.12549
0.12529
0.12507
0.12576
0.12604
0.12468
0.12525
0.12506
0.12455
0.12530
0.12498
0.12527
0.12489
0.12429
0.12427
0.12335
0.12336
0.12270
0.12268
0.12268
0.12179
0.12222
0.12166
0.12289
0.12261
0.12288
0.12262
0.12210
0.12227
0.12251
0.12336
0.12388
0.12515
0.12449
0.12575
0.12536
0.12476
0.12521
0.12509
0.12419
0.12416
0.12463
0.12351
0.12341
0.12394
0.12419
0.12367
0.12424
0.12392
0.12374
0.12186
0.12378
0.12379
0.12367
0.12506
0.12425
0.12431
0.12381
0.12468
0.12492
0.12378
0.12351
0.12305
0.12266
0.12317
0.12184
0.12236
0.12313
0.12435
0.12399
0.12366
0.12303
0.12274
0.12283
0.12338
0.12287
0.12379
0.12430
0.12525
0.12452
0.12531
0.12478
0.12363
0.12318
0.12314
0.12325
0.12307
0.12367
0.12392
0.12398
0.12368
0.12381
0.12496
0.12521
0.12448
0.12372
0.12455
0.12458
0.12373
0.12389
0.12345
0.12394
0.12393
0.12418
0.12446
0.12421
0.12399
0.12446
0.12351
0.12435
0.12508
0.12492
0.12476
0.12478
0.12370
0.12485
0.12458
0.12496
0.12568
0.12510
0.12430
0.12405
0.12513
0.12468
0.12321
0.12313
0.12402
0.12389
0.12477
0.12455
0.12456
0.12455
0.12520
0.12586
0.12569
0.12607
0.12663
0.12687
0.12597
0.12511
0.12582
0.12537
0.12566
0.12638
0.12616
0.12624
0.12613
0.12537
0.12566
0.12411
0.12494
0.12384
0.12409
0.12509
0.12462
0.12525
0.12540
0.12569
0.12565
0.12583
0.12556
0.12604
0.12596
0.12550
0.12573
0.12543
0.12566
0.12631
0.12695
0.12639
0.12681
0.12800
0.12707
0.12667
0.12697
0.12751
0.12734
0.12664
0.12687
0.12658
0.12621
0.12688
0.12649
0.12545
0.12453
0.12439
0.12554
0.12441
0.12546
0.12543
0.12599
0.12595
0.12637
0.12708
0.12616
0.12671
0.12587
0.12665
0.12686
0.12726
0.12735
0.12676
0.12615
0.12659
0.12684
0.12661
0.12558
0.12611
0.12541
0.12520
0.12440
0.12327
0.12257
0.12259
0.12273
0.12336
0.12391
0.12377
0.12392
0.12411
0.12246
0.12358
0.12249
0.12386
0.12374
0.12327
0.12348
0.12367
0.12513
0.12447
0.12528
0.12404
0.12273
0.12341
0.12340
