n0.prob[1] 1 500
n0.prob[2] 501 1000
n1.prob[1] 1001 1500
n1.prob[2] 1501 2000
n2.prob[1,1,1] 2001 2500
n2.prob[2,1,1] 2501 3000
n2.prob[1,2,1] 3001 3500
n2.prob[2,2,1] 3501 4000
n2.prob[1,1,2] 4001 4500
n2.prob[2,1,2] 4501 5000
n2.prob[1,2,2] 5001 5500
n2.prob[2,2,2] 5501 6000
n3.prob[1,1,1] 6001 6500
n3.prob[2,1,1] 6501 7000
n3.prob[1,2,1] 7001 7500
n3.prob[2,2,1] 7501 8000
n3.prob[1,1,2] 8001 8500
n3.prob[2,1,2] 8501 9000
n3.prob[1,2,2] 9001 9500
n3.prob[2,2,2] 9501 10000
n4.prob[1] 10001 10500
n4.prob[2] 10501 11000
n5.prob[1,1] 11001 11500
n5.prob[2,1] 11501 12000
n5.prob[1,2] 12001 12500
n5.prob[2,2] 12501 13000
n6.prob[1,1] 13001 13500
n6.prob[2,1] 13501 14000
n6.prob[1,2] 14001 14500
n6.prob[2,2] 14501 15000
n7.prob[1,1] 15001 15500
n7.prob[2,1] 15501 16000
n7.prob[1,2] 16001 16500
n7.prob[2,2] 16501 17000
n8.prob[1,1,1,1] 17001 17500
n8.prob[2,1,1,1] 17501 18000
n8.prob[1,2,1,1] 18001 18500
n8.prob[2,2,1,1] 18501 19000
n8.prob[1,1,2,1] 19001 19500
n8.prob[2,1,2,1] 19501 20000
n8.prob[1,2,2,1] 20001 20500
n8.prob[2,2,2,1] 20501 21000
n8.prob[1,1,1,2] 21001 21500
n8.prob[2,1,1,2] 21501 22000
n8.prob[1,2,1,2] 22001 22500
n8.prob[2,2,1,2] 22501 23000
n8.prob[1,1,2,2] 23001 23500
n8.prob[2,1,2,2] 23501 24000
n8.prob[1,2,2,2] 24001 24500
n8.prob[2,2,2,2] 24501 25000
n9.prob[1,1] 25001 25500
n9.prob[2,1] 25501 26000
n9.prob[1,2] 26001 26500
n9.prob[2,2] 26501 27000
n10.prob[1,1] 27001 27500
n10.prob[2,1] 27501 28000
n10.prob[1,2] 28001 28500
n10.prob[2,2] 28501 29000
n11.prob[1,1] 29001 29500
n11.prob[2,1] 29501 30000
n11.prob[1,2] 30001 30500
n11.prob[2,2] 30501 31000
n12.prob[1,1] 31001 31500
n12.prob[2,1] 31501 32000
n12.prob[1,2] 32001 32500
n12.prob[2,2] 32501 33000
n13.prob[1,1,1,1] 33001 33500
n13.prob[2,1,1,1] 33501 34000
n13.prob[1,2,1,1] 34001 34500
n13.prob[2,2,1,1] 34501 35000
n13.prob[1,1,2,1] 35001 35500
n13.prob[2,1,2,1] 35501 36000
n13.prob[1,2,2,1] 36001 36500
n13.prob[2,2,2,1] 36501 37000
n13.prob[1,1,1,2] 37001 37500
n13.prob[2,1,1,2] 37501 38000
n13.prob[1,2,1,2] 38001 38500
n13.prob[2,2,1,2] 38501 39000
n13.prob[1,1,2,2] 39001 39500
n13.prob[2,1,2,2] 39501 40000
n13.prob[1,2,2,2] 40001 40500
n13.prob[2,2,2,2] 40501 41000
n14.prob[1,1] 41001 41500
n14.prob[2,1] 41501 42000
n14.prob[1,2] 42001 42500
n14.prob[2,2] 42501 43000
n15.prob[1,1] 43001 43500
n15.prob[2,1] 43501 44000
n15.prob[1,2] 44001 44500
n15.prob[2,2] 44501 45000
n16.prob[1,1] 45001 45500
n16.prob[2,1] 45501 46000
n16.prob[1,2] 46001 46500
n16.prob[2,2] 46501 47000
n17.prob[1,1] 47001 47500
n17.prob[2,1] 47501 48000
n17.prob[1,2] 48001 48500
n17.prob[2,2] 48501 49000
n18.prob[1,1] 49001 49500
n18.prob[2,1] 49501 50000
n18.prob[1,2] 50001 50500
n18.prob[2,2] 50501 51000
n19.prob[1,1] 51001 51500
n19.prob[2,1] 51501 52000
n19.prob[1,2] 52001 52500
n19.prob[2,2] 52501 53000
n20.prob[1,1] 53001 53500
n20.prob[2,1] 53501 54000
n20.prob[1,2] 54001 54500
n20.prob[2,2] 54501 55000
n21.prob[1,1] 55001 55500
n21.prob[2,1] 55501 56000
n21.prob[1,2] 56001 56500
n21.prob[2,2] 56501 57000
n22.prob[1,1] 57001 57500
n22.prob[2,1] 57501 58000
n22.prob[1,2] 58001 58500
n22.prob[2,2] 58501 59000
n23.prob[1,1] 59001 59500
n23.prob[2,1] 59501 60000
n23.prob[1,2] 60001 60500
n23.prob[2,2] 60501 61000
n24.prob[1,1] 61001 61500
n24.prob[2,1] 61501 62000
n24.prob[1,2] 62001 62500
n24.prob[2,2] 62501 63000
n25.prob[1,1] 63001 63500
n25.prob[2,1] 63501 64000
n25.prob[1,2] 64001 64500
n25.prob[2,2] 64501 65000
n26.prob[1,1] 65001 65500
n26.prob[2,1] 65501 66000
n26.prob[1,2] 66001 66500
n26.prob[2,2] 66501 67000
n27.prob[1,1] 67001 67500
n27.prob[2,1] 67501 68000
n27.prob[1,2] 68001 68500
n27.prob[2,2] 68501 69000
n28.prob[1,1] 69001 69500
n28.prob[2,1] 69501 70000
n28.prob[1,2] 70001 70500
n28.prob[2,2] 70501 71000
n29.prob[1,1] 71001 71500
n29.prob[2,1] 71501 72000
n29.prob[1,2] 72001 72500
n29.prob[2,2] 72501 73000
n30.prob[1,1] 73001 73500
n30.prob[2,1] 73501 74000
n30.prob[1,2] 74001 74500
n30.prob[2,2] 74501 75000
n31.prob[1,1] 75001 75500
n31.prob[2,1] 75501 76000
n31.prob[1,2] 76001 76500
n31.prob[2,2] 76501 77000
n32.prob[1,1] 77001 77500
n32.prob[2,1] 77501 78000
n32.prob[1,2] 78001 78500
n32.prob[2,2] 78501 79000
n33.prob[1,1] 79001 79500
n33.prob[2,1] 79501 80000
n33.prob[1,2] 80001 80500
n33.prob[2,2] 80501 81000
n34.prob[1,1] 81001 81500
n34.prob[2,1] 81501 82000
n34.prob[1,2] 82001 82500
n34.prob[2,2] 82501 83000
n35.prob[1,1] 83001 83500
n35.prob[2,1] 83501 84000
n35.prob[1,2] 84001 84500
n35.prob[2,2] 84501 85000
n36.prob[1,1] 85001 85500
n36.prob[2,1] 85501 86000
n36.prob[1,2] 86001 86500
n36.prob[2,2] 86501 87000
n37.prob[1,1] 87001 87500
n37.prob[2,1] 87501 88000
n37.prob[1,2] 88001 88500
n37.prob[2,2] 88501 89000
n38.prob[1,1] 89001 89500
n38.prob[2,1] 89501 90000
n38.prob[1,2] 90001 90500
n38.prob[2,2] 90501 91000
n39.prob[1,1] 91001 91500
n39.prob[2,1] 91501 92000
n39.prob[1,2] 92001 92500
n39.prob[2,2] 92501 93000
n40.prob[1,1] 93001 93500
n40.prob[2,1] 93501 94000
n40.prob[1,2] 94001 94500
n40.prob[2,2] 94501 95000
n41.prob[1,1] 95001 95500
n41.prob[2,1] 95501 96000
n41.prob[1,2] 96001 96500
n41.prob[2,2] 96501 97000
n42.prob[1,1] 97001 97500
n42.prob[2,1] 97501 98000
n42.prob[1,2] 98001 98500
n42.prob[2,2] 98501 99000
n43.prob[1,1] 99001 99500
n43.prob[2,1] 99501 100000
n43.prob[1,2] 100001 100500
n43.prob[2,2] 100501 101000
n44.prob[1,1] 101001 101500
n44.prob[2,1] 101501 102000
n44.prob[1,2] 102001 102500
n44.prob[2,2] 102501 103000
n45.prob[1,1] 103001 103500
n45.prob[2,1] 103501 104000
n45.prob[1,2] 104001 104500
n45.prob[2,2] 104501 105000
n46.prob[1,1] 105001 105500
n46.prob[2,1] 105501 106000
n46.prob[1,2] 106001 106500
n46.prob[2,2] 106501 107000
n47.prob[1,1] 107001 107500
n47.prob[2,1] 107501 108000
n47.prob[1,2] 108001 108500
n47.prob[2,2] 108501 109000
n48.prob[1,1] 109001 109500
n48.prob[2,1] 109501 110000
n48.prob[1,2] 110001 110500
n48.prob[2,2] 110501 111000
n49.prob[1,1] 111001 111500
n49.prob[2,1] 111501 112000
n49.prob[1,2] 112001 112500
n49.prob[2,2] 112501 113000
n50.prob[1,1] 113001 113500
n50.prob[2,1] 113501 114000
n50.prob[1,2] 114001 114500
n50.prob[2,2] 114501 115000
n51.prob[1,1] 115001 115500
n51.prob[2,1] 115501 116000
n51.prob[1,2] 116001 116500
n51.prob[2,2] 116501 117000
n52.prob[1,1] 117001 117500
n52.prob[2,1] 117501 118000
n52.prob[1,2] 118001 118500
n52.prob[2,2] 118501 119000
n53.prob[1,1] 119001 119500
n53.prob[2,1] 119501 120000
n53.prob[1,2] 120001 120500
n53.prob[2,2] 120501 121000
n54.prob[1,1] 121001 121500
n54.prob[2,1] 121501 122000
n54.prob[1,2] 122001 122500
n54.prob[2,2] 122501 123000
n55.prob[1,1] 123001 123500
n55.prob[2,1] 123501 124000
n55.prob[1,2] 124001 124500
n55.prob[2,2] 124501 125000
n56.prob[1,1] 125001 125500
n56.prob[2,1] 125501 126000
n56.prob[1,2] 126001 126500
n56.prob[2,2] 126501 127000
n57.prob[1,1] 127001 127500
n57.prob[2,1] 127501 128000
n57.prob[1,2] 128001 128500
n57.prob[2,2] 128501 129000
n58.prob[1,1] 129001 129500
n58.prob[2,1] 129501 130000
n58.prob[1,2] 130001 130500
n58.prob[2,2] 130501 131000
n59.prob[1,1] 131001 131500
n59.prob[2,1] 131501 132000
n59.prob[1,2] 132001 132500
n59.prob[2,2] 132501 133000
n60.prob[1,1] 133001 133500
n60.prob[2,1] 133501 134000
n60.prob[1,2] 134001 134500
n60.prob[2,2] 134501 135000
n61.prob[1,1] 135001 135500
n61.prob[2,1] 135501 136000
n61.prob[1,2] 136001 136500
n61.prob[2,2] 136501 137000
n62.prob[1,1] 137001 137500
n62.prob[2,1] 137501 138000
n62.prob[1,2] 138001 138500
n62.prob[2,2] 138501 139000
n63.prob[1,1] 139001 139500
n63.prob[2,1] 139501 140000
n63.prob[1,2] 140001 140500
n63.prob[2,2] 140501 141000
n64.prob[1,1] 141001 141500
n64.prob[2,1] 141501 142000
n64.prob[1,2] 142001 142500
n64.prob[2,2] 142501 143000
n65.prob[1,1] 143001 143500
n65.prob[2,1] 143501 144000
n65.prob[1,2] 144001 144500
n65.prob[2,2] 144501 145000
n66.prob[1,1] 145001 145500
n66.prob[2,1] 145501 146000
n66.prob[1,2] 146001 146500
n66.prob[2,2] 146501 147000
n67.prob[1,1] 147001 147500
n67.prob[2,1] 147501 148000
n67.prob[1,2] 148001 148500
n67.prob[2,2] 148501 149000
n68.prob[1,1] 149001 149500
n68.prob[2,1] 149501 150000
n68.prob[1,2] 150001 150500
n68.prob[2,2] 150501 151000
n69.prob[1,1] 151001 151500
n69.prob[2,1] 151501 152000
n69.prob[1,2] 152001 152500
n69.prob[2,2] 152501 153000
n70.prob[1,1] 153001 153500
n70.prob[2,1] 153501 154000
n70.prob[1,2] 154001 154500
n70.prob[2,2] 154501 155000
n71.prob[1,1] 155001 155500
n71.prob[2,1] 155501 156000
n71.prob[1,2] 156001 156500
n71.prob[2,2] 156501 157000
n72.prob[1,1] 157001 157500
n72.prob[2,1] 157501 158000
n72.prob[1,2] 158001 158500
n72.prob[2,2] 158501 159000
n73.prob[1,1] 159001 159500
n73.prob[2,1] 159501 160000
n73.prob[1,2] 160001 160500
n73.prob[2,2] 160501 161000
n74.prob[1,1] 161001 161500
n74.prob[2,1] 161501 162000
n74.prob[1,2] 162001 162500
n74.prob[2,2] 162501 163000
n75.prob[1,1] 163001 163500
n75.prob[2,1] 163501 164000
n75.prob[1,2] 164001 164500
n75.prob[2,2] 164501 165000
n76.prob[1,1] 165001 165500
n76.prob[2,1] 165501 166000
n76.prob[1,2] 166001 166500
n76.prob[2,2] 166501 167000
n77.prob[1,1] 167001 167500
n77.prob[2,1] 167501 168000
n77.prob[1,2] 168001 168500
n77.prob[2,2] 168501 169000
n78.prob[1,1] 169001 169500
n78.prob[2,1] 169501 170000
n78.prob[1,2] 170001 170500
n78.prob[2,2] 170501 171000
n79.prob[1,1] 171001 171500
n79.prob[2,1] 171501 172000
n79.prob[1,2] 172001 172500
n79.prob[2,2] 172501 173000
n80.prob[1,1] 173001 173500
n80.prob[2,1] 173501 174000
n80.prob[1,2] 174001 174500
n80.prob[2,2] 174501 175000
n81.prob[1,1] 175001 175500
n81.prob[2,1] 175501 176000
n81.prob[1,2] 176001 176500
n81.prob[2,2] 176501 177000
n82.prob[1,1] 177001 177500
n82.prob[2,1] 177501 178000
n82.prob[1,2] 178001 178500
n82.prob[2,2] 178501 179000
n83.prob[1,1] 179001 179500
n83.prob[2,1] 179501 180000
n83.prob[1,2] 180001 180500
n83.prob[2,2] 180501 181000
n84.prob[1,1] 181001 181500
n84.prob[2,1] 181501 182000
n84.prob[1,2] 182001 182500
n84.prob[2,2] 182501 183000
n85.prob[1,1] 183001 183500
n85.prob[2,1] 183501 184000
n85.prob[1,2] 184001 184500
n85.prob[2,2] 184501 185000
n86.prob[1,1] 185001 185500
n86.prob[2,1] 185501 186000
n86.prob[1,2] 186001 186500
n86.prob[2,2] 186501 187000
n87.prob[1,1] 187001 187500
n87.prob[2,1] 187501 188000
n87.prob[1,2] 188001 188500
n87.prob[2,2] 188501 189000
n88.prob[1,1] 189001 189500
n88.prob[2,1] 189501 190000
n88.prob[1,2] 190001 190500
n88.prob[2,2] 190501 191000
n89.prob[1,1] 191001 191500
n89.prob[2,1] 191501 192000
n89.prob[1,2] 192001 192500
n89.prob[2,2] 192501 193000
n90.prob[1,1] 193001 193500
n90.prob[2,1] 193501 194000
n90.prob[1,2] 194001 194500
n90.prob[2,2] 194501 195000
n91.prob[1,1] 195001 195500
n91.prob[2,1] 195501 196000
n91.prob[1,2] 196001 196500
n91.prob[2,2] 196501 197000
n92.prob[1,1] 197001 197500
n92.prob[2,1] 197501 198000
n92.prob[1,2] 198001 198500
n92.prob[2,2] 198501 199000
n93.prob[1,1] 199001 199500
n93.prob[2,1] 199501 200000
n93.prob[1,2] 200001 200500
n93.prob[2,2] 200501 201000
n94.prob[1,1] 201001 201500
n94.prob[2,1] 201501 202000
n94.prob[1,2] 202001 202500
n94.prob[2,2] 202501 203000
n95.prob[1,1] 203001 203500
n95.prob[2,1] 203501 204000
n95.prob[1,2] 204001 204500
n95.prob[2,2] 204501 205000
n96.prob[1,1] 205001 205500
n96.prob[2,1] 205501 206000
n96.prob[1,2] 206001 206500
n96.prob[2,2] 206501 207000
n97.prob[1,1] 207001 207500
n97.prob[2,1] 207501 208000
n97.prob[1,2] 208001 208500
n97.prob[2,2] 208501 209000
n98.prob[1,1] 209001 209500
n98.prob[2,1] 209501 210000
n98.prob[1,2] 210001 210500
n98.prob[2,2] 210501 211000
n99.prob[1,1] 211001 211500
n99.prob[2,1] 211501 212000
n99.prob[1,2] 212001 212500
n99.prob[2,2] 212501 213000
n100.prob[1,1] 213001 213500
n100.prob[2,1] 213501 214000
n100.prob[1,2] 214001 214500
n100.prob[2,2] 214501 215000
n101.prob[1,1] 215001 215500
n101.prob[2,1] 215501 216000
n101.prob[1,2] 216001 216500
n101.prob[2,2] 216501 217000
n102.prob[1,1] 217001 217500
n102.prob[2,1] 217501 218000
n102.prob[1,2] 218001 218500
n102.prob[2,2] 218501 219000
n103.prob[1,1] 219001 219500
n103.prob[2,1] 219501 220000
n103.prob[1,2] 220001 220500
n103.prob[2,2] 220501 221000
n104.prob[1,1] 221001 221500
n104.prob[2,1] 221501 222000
n104.prob[1,2] 222001 222500
n104.prob[2,2] 222501 223000
n105.prob[1,1] 223001 223500
n105.prob[2,1] 223501 224000
n105.prob[1,2] 224001 224500
n105.prob[2,2] 224501 225000
n106.prob[1,1] 225001 225500
n106.prob[2,1] 225501 226000
n106.prob[1,2] 226001 226500
n106.prob[2,2] 226501 227000
n107.prob[1,1] 227001 227500
n107.prob[2,1] 227501 228000
n107.prob[1,2] 228001 228500
n107.prob[2,2] 228501 229000
n108.prob[1,1] 229001 229500
n108.prob[2,1] 229501 230000
n108.prob[1,2] 230001 230500
n108.prob[2,2] 230501 231000
n109.prob[1,1] 231001 231500
n109.prob[2,1] 231501 232000
n109.prob[1,2] 232001 232500
n109.prob[2,2] 232501 233000
n110.prob[1,1] 233001 233500
n110.prob[2,1] 233501 234000
n110.prob[1,2] 234001 234500
n110.prob[2,2] 234501 235000
n111.prob[1,1] 235001 235500
n111.prob[2,1] 235501 236000
n111.prob[1,2] 236001 236500
n111.prob[2,2] 236501 237000
n112.prob[1,1] 237001 237500
n112.prob[2,1] 237501 238000
n112.prob[1,2] 238001 238500
n112.prob[2,2] 238501 239000
n113.prob[1,1] 239001 239500
n113.prob[2,1] 239501 240000
n113.prob[1,2] 240001 240500
n113.prob[2,2] 240501 241000
n114.prob[1,1] 241001 241500
n114.prob[2,1] 241501 242000
n114.prob[1,2] 242001 242500
n114.prob[2,2] 242501 243000
n115.prob[1,1] 243001 243500
n115.prob[2,1] 243501 244000
n115.prob[1,2] 244001 244500
n115.prob[2,2] 244501 245000
n116.prob[1,1] 245001 245500
n116.prob[2,1] 245501 246000
n116.prob[1,2] 246001 246500
n116.prob[2,2] 246501 247000
n117.prob[1,1] 247001 247500
n117.prob[2,1] 247501 248000
n117.prob[1,2] 248001 248500
n117.prob[2,2] 248501 249000
n118.prob[1,1] 249001 249500
n118.prob[2,1] 249501 250000
n118.prob[1,2] 250001 250500
n118.prob[2,2] 250501 251000
n119.prob[1,1] 251001 251500
n119.prob[2,1] 251501 252000
n119.prob[1,2] 252001 252500
n119.prob[2,2] 252501 253000
n120.prob[1,1] 253001 253500
n120.prob[2,1] 253501 254000
n120.prob[1,2] 254001 254500
n120.prob[2,2] 254501 255000
n121.prob[1,1] 255001 255500
n121.prob[2,1] 255501 256000
n121.prob[1,2] 256001 256500
n121.prob[2,2] 256501 257000
n122.prob[1,1] 257001 257500
n122.prob[2,1] 257501 258000
n122.prob[1,2] 258001 258500
n122.prob[2,2] 258501 259000
n123.prob[1,1] 259001 259500
n123.prob[2,1] 259501 260000
n123.prob[1,2] 260001 260500
n123.prob[2,2] 260501 261000
n124.prob[1,1] 261001 261500
n124.prob[2,1] 261501 262000
n124.prob[1,2] 262001 262500
n124.prob[2,2] 262501 263000
n125.prob[1,1] 263001 263500
n125.prob[2,1] 263501 264000
n125.prob[1,2] 264001 264500
n125.prob[2,2] 264501 265000
n126.prob[1,1] 265001 265500
n126.prob[2,1] 265501 266000
n126.prob[1,2] 266001 266500
n126.prob[2,2] 266501 267000
n127.prob[1,1] 267001 267500
n127.prob[2,1] 267501 268000
n127.prob[1,2] 268001 268500
n127.prob[2,2] 268501 269000
n128.prob[1,1] 269001 269500
n128.prob[2,1] 269501 270000
n128.prob[1,2] 270001 270500
n128.prob[2,2] 270501 271000
n129.prob[1,1] 271001 271500
n129.prob[2,1] 271501 272000
n129.prob[1,2] 272001 272500
n129.prob[2,2] 272501 273000
n130.prob[1,1] 273001 273500
n130.prob[2,1] 273501 274000
n130.prob[1,2] 274001 274500
n130.prob[2,2] 274501 275000
n131.prob[1,1] 275001 275500
n131.prob[2,1] 275501 276000
n131.prob[1,2] 276001 276500
n131.prob[2,2] 276501 277000
n132.prob[1,1] 277001 277500
n132.prob[2,1] 277501 278000
n132.prob[1,2] 278001 278500
n132.prob[2,2] 278501 279000
n133.prob[1,1] 279001 279500
n133.prob[2,1] 279501 280000
n133.prob[1,2] 280001 280500
n133.prob[2,2] 280501 281000
n134.prob[1,1] 281001 281500
n134.prob[2,1] 281501 282000
n134.prob[1,2] 282001 282500
n134.prob[2,2] 282501 283000
n135.prob[1,1] 283001 283500
n135.prob[2,1] 283501 284000
n135.prob[1,2] 284001 284500
n135.prob[2,2] 284501 285000
n136.prob[1,1] 285001 285500
n136.prob[2,1] 285501 286000
n136.prob[1,2] 286001 286500
n136.prob[2,2] 286501 287000
n137.prob[1,1] 287001 287500
n137.prob[2,1] 287501 288000
n137.prob[1,2] 288001 288500
n137.prob[2,2] 288501 289000
n138.prob[1,1] 289001 289500
n138.prob[2,1] 289501 290000
n138.prob[1,2] 290001 290500
n138.prob[2,2] 290501 291000
n139.prob[1,1] 291001 291500
n139.prob[2,1] 291501 292000
n139.prob[1,2] 292001 292500
n139.prob[2,2] 292501 293000
n140.prob[1,1] 293001 293500
n140.prob[2,1] 293501 294000
n140.prob[1,2] 294001 294500
n140.prob[2,2] 294501 295000
n141.prob[1,1] 295001 295500
n141.prob[2,1] 295501 296000
n141.prob[1,2] 296001 296500
n141.prob[2,2] 296501 297000
n142.prob[1,1] 297001 297500
n142.prob[2,1] 297501 298000
n142.prob[1,2] 298001 298500
n142.prob[2,2] 298501 299000
n143.prob[1,1] 299001 299500
n143.prob[2,1] 299501 300000
n143.prob[1,2] 300001 300500
n143.prob[2,2] 300501 301000
n144.prob[1,1] 301001 301500
n144.prob[2,1] 301501 302000
n144.prob[1,2] 302001 302500
n144.prob[2,2] 302501 303000
n145.prob[1,1] 303001 303500
n145.prob[2,1] 303501 304000
n145.prob[1,2] 304001 304500
n145.prob[2,2] 304501 305000
n146.prob[1,1] 305001 305500
n146.prob[2,1] 305501 306000
n146.prob[1,2] 306001 306500
n146.prob[2,2] 306501 307000
n147.prob[1,1] 307001 307500
n147.prob[2,1] 307501 308000
n147.prob[1,2] 308001 308500
n147.prob[2,2] 308501 309000
n148.prob[1,1] 309001 309500
n148.prob[2,1] 309501 310000
n148.prob[1,2] 310001 310500
n148.prob[2,2] 310501 311000
n149.prob[1,1] 311001 311500
n149.prob[2,1] 311501 312000
n149.prob[1,2] 312001 312500
n149.prob[2,2] 312501 313000
n150.prob[1,1] 313001 313500
n150.prob[2,1] 313501 314000
n150.prob[1,2] 314001 314500
n150.prob[2,2] 314501 315000
n151.prob[1,1] 315001 315500
n151.prob[2,1] 315501 316000
n151.prob[1,2] 316001 316500
n151.prob[2,2] 316501 317000
n152.prob[1,1] 317001 317500
n152.prob[2,1] 317501 318000
n152.prob[1,2] 318001 318500
n152.prob[2,2] 318501 319000
n153.prob[1,1] 319001 319500
n153.prob[2,1] 319501 320000
n153.prob[1,2] 320001 320500
n153.prob[2,2] 320501 321000
n154.prob[1,1] 321001 321500
n154.prob[2,1] 321501 322000
n154.prob[1,2] 322001 322500
n154.prob[2,2] 322501 323000
n155.prob[1,1] 323001 323500
n155.prob[2,1] 323501 324000
n155.prob[1,2] 324001 324500
n155.prob[2,2] 324501 325000
n156.prob[1,1] 325001 325500
n156.prob[2,1] 325501 326000
n156.prob[1,2] 326001 326500
n156.prob[2,2] 326501 327000
n157.prob[1,1] 327001 327500
n157.prob[2,1] 327501 328000
n157.prob[1,2] 328001 328500
n157.prob[2,2] 328501 329000
n158.prob[1,1] 329001 329500
n158.prob[2,1] 329501 330000
n158.prob[1,2] 330001 330500
n158.prob[2,2] 330501 331000
n159.prob[1,1] 331001 331500
n159.prob[2,1] 331501 332000
n159.prob[1,2] 332001 332500
n159.prob[2,2] 332501 333000
n160.prob[1,1] 333001 333500
n160.prob[2,1] 333501 334000
n160.prob[1,2] 334001 334500
n160.prob[2,2] 334501 335000
n161.prob[1,1] 335001 335500
n161.prob[2,1] 335501 336000
n161.prob[1,2] 336001 336500
n161.prob[2,2] 336501 337000
n162.prob[1,1] 337001 337500
n162.prob[2,1] 337501 338000
n162.prob[1,2] 338001 338500
n162.prob[2,2] 338501 339000
n163.prob[1,1] 339001 339500
n163.prob[2,1] 339501 340000
n163.prob[1,2] 340001 340500
n163.prob[2,2] 340501 341000
n164.prob[1,1] 341001 341500
n164.prob[2,1] 341501 342000
n164.prob[1,2] 342001 342500
n164.prob[2,2] 342501 343000
n165.prob[1,1] 343001 343500
n165.prob[2,1] 343501 344000
n165.prob[1,2] 344001 344500
n165.prob[2,2] 344501 345000
n166.prob[1,1] 345001 345500
n166.prob[2,1] 345501 346000
n166.prob[1,2] 346001 346500
n166.prob[2,2] 346501 347000
n167.prob[1,1] 347001 347500
n167.prob[2,1] 347501 348000
n167.prob[1,2] 348001 348500
n167.prob[2,2] 348501 349000
n168.prob[1,1] 349001 349500
n168.prob[2,1] 349501 350000
n168.prob[1,2] 350001 350500
n168.prob[2,2] 350501 351000
n169.prob[1,1] 351001 351500
n169.prob[2,1] 351501 352000
n169.prob[1,2] 352001 352500
n169.prob[2,2] 352501 353000
n170.prob[1,1] 353001 353500
n170.prob[2,1] 353501 354000
n170.prob[1,2] 354001 354500
n170.prob[2,2] 354501 355000
n171.prob[1,1] 355001 355500
n171.prob[2,1] 355501 356000
n171.prob[1,2] 356001 356500
n171.prob[2,2] 356501 357000
n172.prob[1,1] 357001 357500
n172.prob[2,1] 357501 358000
n172.prob[1,2] 358001 358500
n172.prob[2,2] 358501 359000
n173.prob[1,1] 359001 359500
n173.prob[2,1] 359501 360000
n173.prob[1,2] 360001 360500
n173.prob[2,2] 360501 361000
n174.prob[1,1] 361001 361500
n174.prob[2,1] 361501 362000
n174.prob[1,2] 362001 362500
n174.prob[2,2] 362501 363000
n175.prob[1,1] 363001 363500
n175.prob[2,1] 363501 364000
n175.prob[1,2] 364001 364500
n175.prob[2,2] 364501 365000
n176.prob[1,1] 365001 365500
n176.prob[2,1] 365501 366000
n176.prob[1,2] 366001 366500
n176.prob[2,2] 366501 367000
n177.prob[1,1] 367001 367500
n177.prob[2,1] 367501 368000
n177.prob[1,2] 368001 368500
n177.prob[2,2] 368501 369000
n178.prob[1,1] 369001 369500
n178.prob[2,1] 369501 370000
n178.prob[1,2] 370001 370500
n178.prob[2,2] 370501 371000
n179.prob[1,1] 371001 371500
n179.prob[2,1] 371501 372000
n179.prob[1,2] 372001 372500
n179.prob[2,2] 372501 373000
n180.prob[1,1] 373001 373500
n180.prob[2,1] 373501 374000
n180.prob[1,2] 374001 374500
n180.prob[2,2] 374501 375000
n181.prob[1,1] 375001 375500
n181.prob[2,1] 375501 376000
n181.prob[1,2] 376001 376500
n181.prob[2,2] 376501 377000
n182.prob[1,1] 377001 377500
n182.prob[2,1] 377501 378000
n182.prob[1,2] 378001 378500
n182.prob[2,2] 378501 379000
n183.prob[1,1] 379001 379500
n183.prob[2,1] 379501 380000
n183.prob[1,2] 380001 380500
n183.prob[2,2] 380501 381000
n184.prob[1,1] 381001 381500
n184.prob[2,1] 381501 382000
n184.prob[1,2] 382001 382500
n184.prob[2,2] 382501 383000
n185.prob[1,1] 383001 383500
n185.prob[2,1] 383501 384000
n185.prob[1,2] 384001 384500
n185.prob[2,2] 384501 385000
n186.prob[1,1] 385001 385500
n186.prob[2,1] 385501 386000
n186.prob[1,2] 386001 386500
n186.prob[2,2] 386501 387000
n187.prob[1,1] 387001 387500
n187.prob[2,1] 387501 388000
n187.prob[1,2] 388001 388500
n187.prob[2,2] 388501 389000
n188.prob[1,1] 389001 389500
n188.prob[2,1] 389501 390000
n188.prob[1,2] 390001 390500
n188.prob[2,2] 390501 391000
n189.prob[1,1] 391001 391500
n189.prob[2,1] 391501 392000
n189.prob[1,2] 392001 392500
n189.prob[2,2] 392501 393000
n190.prob[1,1] 393001 393500
n190.prob[2,1] 393501 394000
n190.prob[1,2] 394001 394500
n190.prob[2,2] 394501 395000
n191.prob[1,1] 395001 395500
n191.prob[2,1] 395501 396000
n191.prob[1,2] 396001 396500
n191.prob[2,2] 396501 397000
n192.prob[1,1] 397001 397500
n192.prob[2,1] 397501 398000
n192.prob[1,2] 398001 398500
n192.prob[2,2] 398501 399000
n193.prob[1,1] 399001 399500
n193.prob[2,1] 399501 400000
n193.prob[1,2] 400001 400500
n193.prob[2,2] 400501 401000
n194.prob[1,1] 401001 401500
n194.prob[2,1] 401501 402000
n194.prob[1,2] 402001 402500
n194.prob[2,2] 402501 403000
n195.prob[1,1] 403001 403500
n195.prob[2,1] 403501 404000
n195.prob[1,2] 404001 404500
n195.prob[2,2] 404501 405000
n196.prob[1,1] 405001 405500
n196.prob[2,1] 405501 406000
n196.prob[1,2] 406001 406500
n196.prob[2,2] 406501 407000
n197.prob[1,1] 407001 407500
n197.prob[2,1] 407501 408000
n197.prob[1,2] 408001 408500
n197.prob[2,2] 408501 409000
n198.prob[1,1] 409001 409500
n198.prob[2,1] 409501 410000
n198.prob[1,2] 410001 410500
n198.prob[2,2] 410501 411000
n199.prob[1,1] 411001 411500
n199.prob[2,1] 411501 412000
n199.prob[1,2] 412001 412500
n199.prob[2,2] 412501 413000
n200.prob[1,1] 413001 413500
n200.prob[2,1] 413501 414000
n200.prob[1,2] 414001 414500
n200.prob[2,2] 414501 415000
n201.prob[1,1] 415001 415500
n201.prob[2,1] 415501 416000
n201.prob[1,2] 416001 416500
n201.prob[2,2] 416501 417000
n202.prob[1,1] 417001 417500
n202.prob[2,1] 417501 418000
n202.prob[1,2] 418001 418500
n202.prob[2,2] 418501 419000
n203.prob[1,1] 419001 419500
n203.prob[2,1] 419501 420000
n203.prob[1,2] 420001 420500
n203.prob[2,2] 420501 421000
n204.prob[1,1] 421001 421500
n204.prob[2,1] 421501 422000
n204.prob[1,2] 422001 422500
n204.prob[2,2] 422501 423000
n205.prob[1,1] 423001 423500
n205.prob[2,1] 423501 424000
n205.prob[1,2] 424001 424500
n205.prob[2,2] 424501 425000
n206.prob[1,1] 425001 425500
n206.prob[2,1] 425501 426000
n206.prob[1,2] 426001 426500
n206.prob[2,2] 426501 427000
n207.prob[1,1] 427001 427500
n207.prob[2,1] 427501 428000
n207.prob[1,2] 428001 428500
n207.prob[2,2] 428501 429000
n208.prob[1,1] 429001 429500
n208.prob[2,1] 429501 430000
n208.prob[1,2] 430001 430500
n208.prob[2,2] 430501 431000
n209.prob[1,1] 431001 431500
n209.prob[2,1] 431501 432000
n209.prob[1,2] 432001 432500
n209.prob[2,2] 432501 433000
n210.prob[1,1] 433001 433500
n210.prob[2,1] 433501 434000
n210.prob[1,2] 434001 434500
n210.prob[2,2] 434501 435000
n211.prob[1,1] 435001 435500
n211.prob[2,1] 435501 436000
n211.prob[1,2] 436001 436500
n211.prob[2,2] 436501 437000
n212.prob[1,1] 437001 437500
n212.prob[2,1] 437501 438000
n212.prob[1,2] 438001 438500
n212.prob[2,2] 438501 439000
n213.prob[1,1] 439001 439500
n213.prob[2,1] 439501 440000
n213.prob[1,2] 440001 440500
n213.prob[2,2] 440501 441000
n214.prob[1,1] 441001 441500
n214.prob[2,1] 441501 442000
n214.prob[1,2] 442001 442500
n214.prob[2,2] 442501 443000
n215.prob[1,1] 443001 443500
n215.prob[2,1] 443501 444000
n215.prob[1,2] 444001 444500
n215.prob[2,2] 444501 445000
n216.prob[1,1] 445001 445500
n216.prob[2,1] 445501 446000
n216.prob[1,2] 446001 446500
n216.prob[2,2] 446501 447000
n217.prob[1,1] 447001 447500
n217.prob[2,1] 447501 448000
n217.prob[1,2] 448001 448500
n217.prob[2,2] 448501 449000
n218.prob[1,1] 449001 449500
n218.prob[2,1] 449501 450000
n218.prob[1,2] 450001 450500
n218.prob[2,2] 450501 451000
n219.prob[1,1] 451001 451500
n219.prob[2,1] 451501 452000
n219.prob[1,2] 452001 452500
n219.prob[2,2] 452501 453000
n220.prob[1,1] 453001 453500
n220.prob[2,1] 453501 454000
n220.prob[1,2] 454001 454500
n220.prob[2,2] 454501 455000
n221.prob[1,1] 455001 455500
n221.prob[2,1] 455501 456000
n221.prob[1,2] 456001 456500
n221.prob[2,2] 456501 457000
n222.prob[1,1] 457001 457500
n222.prob[2,1] 457501 458000
n222.prob[1,2] 458001 458500
n222.prob[2,2] 458501 459000
n223.prob[1,1] 459001 459500
n223.prob[2,1] 459501 460000
n223.prob[1,2] 460001 460500
n223.prob[2,2] 460501 461000
n224.prob[1,1] 461001 461500
n224.prob[2,1] 461501 462000
n224.prob[1,2] 462001 462500
n224.prob[2,2] 462501 463000
n225.prob[1,1] 463001 463500
n225.prob[2,1] 463501 464000
n225.prob[1,2] 464001 464500
n225.prob[2,2] 464501 465000
n226.prob[1,1] 465001 465500
n226.prob[2,1] 465501 466000
n226.prob[1,2] 466001 466500
n226.prob[2,2] 466501 467000
n227.prob[1,1] 467001 467500
n227.prob[2,1] 467501 468000
n227.prob[1,2] 468001 468500
n227.prob[2,2] 468501 469000
n228.prob[1,1] 469001 469500
n228.prob[2,1] 469501 470000
n228.prob[1,2] 470001 470500
n228.prob[2,2] 470501 471000
n229.prob[1,1] 471001 471500
n229.prob[2,1] 471501 472000
n229.prob[1,2] 472001 472500
n229.prob[2,2] 472501 473000
n230.prob[1,1] 473001 473500
n230.prob[2,1] 473501 474000
n230.prob[1,2] 474001 474500
n230.prob[2,2] 474501 475000
n231.prob[1,1] 475001 475500
n231.prob[2,1] 475501 476000
n231.prob[1,2] 476001 476500
n231.prob[2,2] 476501 477000
n232.prob[1,1] 477001 477500
n232.prob[2,1] 477501 478000
n232.prob[1,2] 478001 478500
n232.prob[2,2] 478501 479000
n233.prob[1,1] 479001 479500
n233.prob[2,1] 479501 480000
n233.prob[1,2] 480001 480500
n233.prob[2,2] 480501 481000
n234.prob[1,1] 481001 481500
n234.prob[2,1] 481501 482000
n234.prob[1,2] 482001 482500
n234.prob[2,2] 482501 483000
n235.prob[1,1] 483001 483500
n235.prob[2,1] 483501 484000
n235.prob[1,2] 484001 484500
n235.prob[2,2] 484501 485000
n236.prob[1,1] 485001 485500
n236.prob[2,1] 485501 486000
n236.prob[1,2] 486001 486500
n236.prob[2,2] 486501 487000
n237.prob[1,1] 487001 487500
n237.prob[2,1] 487501 488000
n237.prob[1,2] 488001 488500
n237.prob[2,2] 488501 489000
n238.prob[1,1] 489001 489500
n238.prob[2,1] 489501 490000
n238.prob[1,2] 490001 490500
n238.prob[2,2] 490501 491000
n239.prob[1,1] 491001 491500
n239.prob[2,1] 491501 492000
n239.prob[1,2] 492001 492500
n239.prob[2,2] 492501 493000
n240.prob[1,1] 493001 493500
n240.prob[2,1] 493501 494000
n240.prob[1,2] 494001 494500
n240.prob[2,2] 494501 495000
n241.prob[1,1] 495001 495500
n241.prob[2,1] 495501 496000
n241.prob[1,2] 496001 496500
n241.prob[2,2] 496501 497000
n242.prob[1,1] 497001 497500
n242.prob[2,1] 497501 498000
n242.prob[1,2] 498001 498500
n242.prob[2,2] 498501 499000
n243.prob[1,1] 499001 499500
n243.prob[2,1] 499501 500000
n243.prob[1,2] 500001 500500
n243.prob[2,2] 500501 501000
n244.prob[1,1] 501001 501500
n244.prob[2,1] 501501 502000
n244.prob[1,2] 502001 502500
n244.prob[2,2] 502501 503000
n245.prob[1,1] 503001 503500
n245.prob[2,1] 503501 504000
n245.prob[1,2] 504001 504500
n245.prob[2,2] 504501 505000
n246.prob[1,1] 505001 505500
n246.prob[2,1] 505501 506000
n246.prob[1,2] 506001 506500
n246.prob[2,2] 506501 507000
n247.prob[1,1] 507001 507500
n247.prob[2,1] 507501 508000
n247.prob[1,2] 508001 508500
n247.prob[2,2] 508501 509000
n248.prob[1,1] 509001 509500
n248.prob[2,1] 509501 510000
n248.prob[1,2] 510001 510500
n248.prob[2,2] 510501 511000
n249.prob[1,1] 511001 511500
n249.prob[2,1] 511501 512000
n249.prob[1,2] 512001 512500
n249.prob[2,2] 512501 513000
n250.prob[1,1] 513001 513500
n250.prob[2,1] 513501 514000
n250.prob[1,2] 514001 514500
n250.prob[2,2] 514501 515000
n251.prob[1,1] 515001 515500
n251.prob[2,1] 515501 516000
n251.prob[1,2] 516001 516500
n251.prob[2,2] 516501 517000
n252.prob[1,1] 517001 517500
n252.prob[2,1] 517501 518000
n252.prob[1,2] 518001 518500
n252.prob[2,2] 518501 519000
n253.prob[1,1] 519001 519500
n253.prob[2,1] 519501 520000
n253.prob[1,2] 520001 520500
n253.prob[2,2] 520501 521000
n254.prob[1,1] 521001 521500
n254.prob[2,1] 521501 522000
n254.prob[1,2] 522001 522500
n254.prob[2,2] 522501 523000
n255.prob[1,1] 523001 523500
n255.prob[2,1] 523501 524000
n255.prob[1,2] 524001 524500
n255.prob[2,2] 524501 525000
n256.prob[1,1] 525001 525500
n256.prob[2,1] 525501 526000
n256.prob[1,2] 526001 526500
n256.prob[2,2] 526501 527000
n257.prob[1,1] 527001 527500
n257.prob[2,1] 527501 528000
n257.prob[1,2] 528001 528500
n257.prob[2,2] 528501 529000
n258.prob[1,1] 529001 529500
n258.prob[2,1] 529501 530000
n258.prob[1,2] 530001 530500
n258.prob[2,2] 530501 531000
n259.prob[1,1] 531001 531500
n259.prob[2,1] 531501 532000
n259.prob[1,2] 532001 532500
n259.prob[2,2] 532501 533000
n260.prob[1,1] 533001 533500
n260.prob[2,1] 533501 534000
n260.prob[1,2] 534001 534500
n260.prob[2,2] 534501 535000
n261.prob[1,1] 535001 535500
n261.prob[2,1] 535501 536000
n261.prob[1,2] 536001 536500
n261.prob[2,2] 536501 537000
n262.prob[1,1] 537001 537500
n262.prob[2,1] 537501 538000
n262.prob[1,2] 538001 538500
n262.prob[2,2] 538501 539000
n263.prob[1,1] 539001 539500
n263.prob[2,1] 539501 540000
n263.prob[1,2] 540001 540500
n263.prob[2,2] 540501 541000
n264.prob[1,1] 541001 541500
n264.prob[2,1] 541501 542000
n264.prob[1,2] 542001 542500
n264.prob[2,2] 542501 543000
n265.prob[1,1] 543001 543500
n265.prob[2,1] 543501 544000
n265.prob[1,2] 544001 544500
n265.prob[2,2] 544501 545000
n266.prob[1,1] 545001 545500
n266.prob[2,1] 545501 546000
n266.prob[1,2] 546001 546500
n266.prob[2,2] 546501 547000
n267.prob[1,1] 547001 547500
n267.prob[2,1] 547501 548000
n267.prob[1,2] 548001 548500
n267.prob[2,2] 548501 549000
n268.prob[1,1] 549001 549500
n268.prob[2,1] 549501 550000
n268.prob[1,2] 550001 550500
n268.prob[2,2] 550501 551000
n269.prob[1,1] 551001 551500
n269.prob[2,1] 551501 552000
n269.prob[1,2] 552001 552500
n269.prob[2,2] 552501 553000
n270.prob[1,1] 553001 553500
n270.prob[2,1] 553501 554000
n270.prob[1,2] 554001 554500
n270.prob[2,2] 554501 555000
n271.prob[1,1] 555001 555500
n271.prob[2,1] 555501 556000
n271.prob[1,2] 556001 556500
n271.prob[2,2] 556501 557000
n272.prob[1,1] 557001 557500
n272.prob[2,1] 557501 558000
n272.prob[1,2] 558001 558500
n272.prob[2,2] 558501 559000
n273.prob[1,1] 559001 559500
n273.prob[2,1] 559501 560000
n273.prob[1,2] 560001 560500
n273.prob[2,2] 560501 561000
n274.prob[1,1] 561001 561500
n274.prob[2,1] 561501 562000
n274.prob[1,2] 562001 562500
n274.prob[2,2] 562501 563000
n275.prob[1,1] 563001 563500
n275.prob[2,1] 563501 564000
n275.prob[1,2] 564001 564500
n275.prob[2,2] 564501 565000
n276.prob[1,1] 565001 565500
n276.prob[2,1] 565501 566000
n276.prob[1,2] 566001 566500
n276.prob[2,2] 566501 567000
n277.prob[1,1] 567001 567500
n277.prob[2,1] 567501 568000
n277.prob[1,2] 568001 568500
n277.prob[2,2] 568501 569000
n278.prob[1,1] 569001 569500
n278.prob[2,1] 569501 570000
n278.prob[1,2] 570001 570500
n278.prob[2,2] 570501 571000
n279.prob[1,1] 571001 571500
n279.prob[2,1] 571501 572000
n279.prob[1,2] 572001 572500
n279.prob[2,2] 572501 573000
n280.prob[1,1] 573001 573500
n280.prob[2,1] 573501 574000
n280.prob[1,2] 574001 574500
n280.prob[2,2] 574501 575000
n281.prob[1,1] 575001 575500
n281.prob[2,1] 575501 576000
n281.prob[1,2] 576001 576500
n281.prob[2,2] 576501 577000
n282.prob[1,1] 577001 577500
n282.prob[2,1] 577501 578000
n282.prob[1,2] 578001 578500
n282.prob[2,2] 578501 579000
n283.prob[1,1] 579001 579500
n283.prob[2,1] 579501 580000
n283.prob[1,2] 580001 580500
n283.prob[2,2] 580501 581000
n284.prob[1,1] 581001 581500
n284.prob[2,1] 581501 582000
n284.prob[1,2] 582001 582500
n284.prob[2,2] 582501 583000
n285.prob[1,1] 583001 583500
n285.prob[2,1] 583501 584000
n285.prob[1,2] 584001 584500
n285.prob[2,2] 584501 585000
n286.prob[1,1] 585001 585500
n286.prob[2,1] 585501 586000
n286.prob[1,2] 586001 586500
n286.prob[2,2] 586501 587000
n287.prob[1,1] 587001 587500
n287.prob[2,1] 587501 588000
n287.prob[1,2] 588001 588500
n287.prob[2,2] 588501 589000
n288.prob[1,1] 589001 589500
n288.prob[2,1] 589501 590000
n288.prob[1,2] 590001 590500
n288.prob[2,2] 590501 591000
n289.prob[1,1] 591001 591500
n289.prob[2,1] 591501 592000
n289.prob[1,2] 592001 592500
n289.prob[2,2] 592501 593000
n290.prob[1,1] 593001 593500
n290.prob[2,1] 593501 594000
n290.prob[1,2] 594001 594500
n290.prob[2,2] 594501 595000
n291.prob[1,1] 595001 595500
n291.prob[2,1] 595501 596000
n291.prob[1,2] 596001 596500
n291.prob[2,2] 596501 597000
n292.prob[1,1] 597001 597500
n292.prob[2,1] 597501 598000
n292.prob[1,2] 598001 598500
n292.prob[2,2] 598501 599000
n293.prob[1,1] 599001 599500
n293.prob[2,1] 599501 600000
n293.prob[1,2] 600001 600500
n293.prob[2,2] 600501 601000
n294.prob[1,1] 601001 601500
n294.prob[2,1] 601501 602000
n294.prob[1,2] 602001 602500
n294.prob[2,2] 602501 603000
n295.prob[1,1] 603001 603500
n295.prob[2,1] 603501 604000
n295.prob[1,2] 604001 604500
n295.prob[2,2] 604501 605000
n296.prob[1,1] 605001 605500
n296.prob[2,1] 605501 606000
n296.prob[1,2] 606001 606500
n296.prob[2,2] 606501 607000
n297.prob[1,1] 607001 607500
n297.prob[2,1] 607501 608000
n297.prob[1,2] 608001 608500
n297.prob[2,2] 608501 609000
n298.prob[1,1] 609001 609500
n298.prob[2,1] 609501 610000
n298.prob[1,2] 610001 610500
n298.prob[2,2] 610501 611000
n299.prob[1,1] 611001 611500
n299.prob[2,1] 611501 612000
n299.prob[1,2] 612001 612500
n299.prob[2,2] 612501 613000
n300.prob[1,1] 613001 613500
n300.prob[2,1] 613501 614000
n300.prob[1,2] 614001 614500
n300.prob[2,2] 614501 615000
n301.prob[1,1] 615001 615500
n301.prob[2,1] 615501 616000
n301.prob[1,2] 616001 616500
n301.prob[2,2] 616501 617000
n302.prob[1,1] 617001 617500
n302.prob[2,1] 617501 618000
n302.prob[1,2] 618001 618500
n302.prob[2,2] 618501 619000
n303.prob[1,1] 619001 619500
n303.prob[2,1] 619501 620000
n303.prob[1,2] 620001 620500
n303.prob[2,2] 620501 621000
n304.prob[1,1] 621001 621500
n304.prob[2,1] 621501 622000
n304.prob[1,2] 622001 622500
n304.prob[2,2] 622501 623000
n305.prob[1,1] 623001 623500
n305.prob[2,1] 623501 624000
n305.prob[1,2] 624001 624500
n305.prob[2,2] 624501 625000
n306.prob[1,1] 625001 625500
n306.prob[2,1] 625501 626000
n306.prob[1,2] 626001 626500
n306.prob[2,2] 626501 627000
n307.prob[1,1] 627001 627500
n307.prob[2,1] 627501 628000
n307.prob[1,2] 628001 628500
n307.prob[2,2] 628501 629000
n308.prob[1,1] 629001 629500
n308.prob[2,1] 629501 630000
n308.prob[1,2] 630001 630500
n308.prob[2,2] 630501 631000
n309.prob[1,1] 631001 631500
n309.prob[2,1] 631501 632000
n309.prob[1,2] 632001 632500
n309.prob[2,2] 632501 633000
n310.prob[1,1] 633001 633500
n310.prob[2,1] 633501 634000
n310.prob[1,2] 634001 634500
n310.prob[2,2] 634501 635000
n311.prob[1,1] 635001 635500
n311.prob[2,1] 635501 636000
n311.prob[1,2] 636001 636500
n311.prob[2,2] 636501 637000
n312.prob[1,1] 637001 637500
n312.prob[2,1] 637501 638000
n312.prob[1,2] 638001 638500
n312.prob[2,2] 638501 639000
n313.prob[1,1] 639001 639500
n313.prob[2,1] 639501 640000
n313.prob[1,2] 640001 640500
n313.prob[2,2] 640501 641000
n314.prob[1,1] 641001 641500
n314.prob[2,1] 641501 642000
n314.prob[1,2] 642001 642500
n314.prob[2,2] 642501 643000
n315.prob[1,1] 643001 643500
n315.prob[2,1] 643501 644000
n315.prob[1,2] 644001 644500
n315.prob[2,2] 644501 645000
n316.prob[1,1] 645001 645500
n316.prob[2,1] 645501 646000
n316.prob[1,2] 646001 646500
n316.prob[2,2] 646501 647000
n317.prob[1,1] 647001 647500
n317.prob[2,1] 647501 648000
n317.prob[1,2] 648001 648500
n317.prob[2,2] 648501 649000
n318.prob[1,1] 649001 649500
n318.prob[2,1] 649501 650000
n318.prob[1,2] 650001 650500
n318.prob[2,2] 650501 651000
n319.prob[1,1] 651001 651500
n319.prob[2,1] 651501 652000
n319.prob[1,2] 652001 652500
n319.prob[2,2] 652501 653000
n320.prob[1,1] 653001 653500
n320.prob[2,1] 653501 654000
n320.prob[1,2] 654001 654500
n320.prob[2,2] 654501 655000
n321.prob[1,1] 655001 655500
n321.prob[2,1] 655501 656000
n321.prob[1,2] 656001 656500
n321.prob[2,2] 656501 657000
n322.prob[1,1] 657001 657500
n322.prob[2,1] 657501 658000
n322.prob[1,2] 658001 658500
n322.prob[2,2] 658501 659000
n323.prob[1,1] 659001 659500
n323.prob[2,1] 659501 660000
n323.prob[1,2] 660001 660500
n323.prob[2,2] 660501 661000
n324.prob[1,1] 661001 661500
n324.prob[2,1] 661501 662000
n324.prob[1,2] 662001 662500
n324.prob[2,2] 662501 663000
n325.prob[1,1] 663001 663500
n325.prob[2,1] 663501 664000
n325.prob[1,2] 664001 664500
n325.prob[2,2] 664501 665000
n326.prob[1,1] 665001 665500
n326.prob[2,1] 665501 666000
n326.prob[1,2] 666001 666500
n326.prob[2,2] 666501 667000
n327.prob[1,1] 667001 667500
n327.prob[2,1] 667501 668000
n327.prob[1,2] 668001 668500
n327.prob[2,2] 668501 669000
n328.prob[1,1] 669001 669500
n328.prob[2,1] 669501 670000
n328.prob[1,2] 670001 670500
n328.prob[2,2] 670501 671000
n329.prob[1,1] 671001 671500
n329.prob[2,1] 671501 672000
n329.prob[1,2] 672001 672500
n329.prob[2,2] 672501 673000
n330.prob[1,1] 673001 673500
n330.prob[2,1] 673501 674000
n330.prob[1,2] 674001 674500
n330.prob[2,2] 674501 675000
n331.prob[1,1] 675001 675500
n331.prob[2,1] 675501 676000
n331.prob[1,2] 676001 676500
n331.prob[2,2] 676501 677000
n332.prob[1,1] 677001 677500
n332.prob[2,1] 677501 678000
n332.prob[1,2] 678001 678500
n332.prob[2,2] 678501 679000
n333.prob[1,1] 679001 679500
n333.prob[2,1] 679501 680000
n333.prob[1,2] 680001 680500
n333.prob[2,2] 680501 681000
