0.368
0.508
0.82
0.564
0.432
0.346
0.752
0.364
0.306
0.562
0.756
0.758
0.392
0.6
0.514
0.338
0.552
0.496
0.57
0.318
0.536
0.798
0.666
0.382
0.206
0.62
0.472
0.646
0.356
0.524
0.802
0.398
0.4
0.518
0.542
0.294
0.284
0.65
0.532
0.654
0.492
0.162
0.476
0.404
0.362
0.372
0.416
0.37
0.762
0.44
0.384
0.546
0.5
0.65
0.422
0.404
0.334
0.394
0.524
0.762
0.694
0.412
0.49
0.464
0.57
0.418
0.596
0.666
0.668
0.466
0.234
0.372
0.388
0.504
0.462
0.164
0.512
0.424
0.514
0.582
0.566
0.216
0.368
0.22
0.434
0.594
0.578
0.526
0.494
0.658
0.78
0.562
0.632
0.568
0.55
0.644
0.404
0.492
0.54
0.714
0.726
0.346
0.364
0.516
0.738
0.336
0.538
0.8
0.44
0.374
0.574
0.496
0.626
0.44
0.47
0.202
0.494
0.616
0.272
0.328
0.326
0.486
0.734
0.476
0.47
0.63
0.352
0.56
0.846
0.77
0.348
0.308
0.526
0.85
0.58
0.552
0.344
0.51
0.552
0.554
0.598
0.754
0.578
0.624
0.602
0.526
0.59
0.398
0.466
0.5
0.764
0.45
0.434
0.61
0.548
0.478
0.598
0.446
0.774
0.334
0.382
0.422
0.49
0.638
0.508
0.602
0.404
0.624
0.652
0.584
0.426
0.596
0.342
0.438
0.434
0.114
0.734
0.57
0.62
0.33
0.524
0.502
0.554
0.416
0.43
0.524
0.368
0.428
0.488
0.29
0.572
0.88
0.288
0.392
0.428
0.604
0.636
0.316
0.408
0.584
0.576
0.59
0.332
0.388
0.57
0.602
0.35
0.472
0.52
0.536
0.338
0.44
0.48
0.462
0.442
0.546
0.578
0.302
0.316
0.45
0.632
0.618
0.396
0.318
0.368
0.448
0.42
0.644
0.46
0.618
0.63
0.402
0.352
0.352
0.514
0.454
0.6
0.414
0.354
0.35
0.442
0.378
0.722
0.744
0.302
0.396
0.386
0.612
0.578
0.496
0.612
0.418
0.57
0.316
0.406
0.704
0.54
0.238
0.642
0.566
0.374
0.45
0.518
0.554
0.57
0.502
0.166
0.474
0.636
0.262
0.366
0.35
0.72
0.414
0.442
0.826
0.592
0.36
0.516
0.638
0.58
0.402
0.482
0.46
0.57
0.552
0.416
0.406
0.506
0.438
0.474
0.594
0.754
0.372
0.634
0.758
0.568
0.638
0.598
0.554
0.634
0.42
0.468
0.546
0.756
0.42
0.584
0.626
0.524
0.174
0.366
0.556
0.42
0.572
0.334
0.408
0.458
0.158
0.732
0.528
0.37
0.552
0.35
0.402
0.474
0.144
0.744
0.652
0.588
0.61
0.532
0.552
0.664
0.39
0.468
0.564
0.73
0.486
0.548
0.688
0.528
0.522
0.718
0.662
0.468
0.602
0.712
0.658
0.468
0.394
0.488
0.544
0.576
0.368
0.548
0.35
0.444
0.392
0.14
0.694
0.462
0.554
0.64
0.528
0.496
0.68
0.638
0.496
0.548
0.724
0.576
0.742
0.394
0.396
0.426
0.566
0.74
0.804
0.384
0.414
0.646
0.566
0.332
0.698
0.3
0.524
0.786
0.518
0.18
0.44
0.392
0.544
0.34
0.722
0.352
0.378
0.512
0.72
0.426
0.416
0.526
0.412
0.376
0.36
0.468
0.438
0.65
0.31
0.446
0.498
0.536
0.36
0.608
0.77
0.564
0.646
0.646
0.498
0.602
0.43
0.51
0.498
0.748
0.56
0.36
0.566
0.376
0.44
0.468
0.136
0.71
0.45
0.174
0.488
0.398
0.294
0.372
0.436
0.392
0.676
0.574
0.766
0.812
0.342
0.396
0.684
0.544
0.548
0.294
0.428
0.542
0.536
0.64
0.462
0.638
0.516
0.444
0.342
0.524
0.376
0.59
0.346
0.43
0.452
0.158
0.712
0.758
0.338
0.66
0.5
0.404
0.464
0.39
0.614
0.552
0.364
0.538
0.316
0.412
0.578
0.63
0.522
0.492
0.688
0.654
0.5
0.598
0.702
0.654
0.28
0.676
0.638
0.462
0.66
0.534
0.422
0.446
0.552
0.452
0.688
0.612
0.638
0.738
0.836
0.384
0.422
0.638
0.452
0.398
0.608
0.522
0.56
0.582
0.452
0.438
0.364
0.654
0.57
0.47
0.57
0.482
0.622
0.476
0.614
0.586
0.532
0.3
0.452
0.546
0.564
0.744
0.336
0.31
0.274
0.366
0.448
0.748
0.784
0.402
0.29
0.34
0.5
0.62
0.538
0.642
0.518
0.342
0.578
0.338
0.422
0.136
0.714
0.586
0.59
0.316
0.488
0.55
0.544
0.58
0.536
0.282
0.472
0.534
0.526
0.206
0.426
0.63
0.638
0.528
0.488
0.566
0.786
0.794
0.446
0.426
0.634
0.55
0.632
0.3
0.498
0.562
0.54
0.482
0.18
0.476
0.406
0.3
0.38
0.446
0.344
0.746
0.376
0.618
0.702
0.532
0.51
0.7
0.674
0.484
0.596
0.74
0.63
0.496
0.14
0.416
0.596
0.724
0.624
0.662
0.58
0.554
0.586
0.396
0.51
0.56
0.738
0.69
0.534
0.652
0.506
0.194
0.444
0.53
0.146
0.454
0.364
0.394
0.502
0.65
0.53
0.366
0.468
0.392
0.574
0.548
0.374
0.456
0.51
0.66
0.378
0.2
0.438
0.446
0.632
0.57
0.52
0.346
0.458
0.56
0.514
0.532
0.392
0.55
0.374
0.434
0.458
0.126
0.716
0.386
0.438
0.602
0.57
0.656
0.354
0.504
0.484
0.504
0.338
0.446
0.52
0.552
0.528
0.624
0.698
0.612
0.42
0.44
0.436
0.604
0.564
0.604
0.746
0.828
0.332
0.422
0.698
0.56
0.33
0.46
0.568
0.6
0.388
0.502
0.48
0.522
0.512
0.358
0.572
0.36
0.382
0.428
0.154
0.744
0.584
0.726
0.766
0.394
0.402
0.656
0.63
0.792
0.57
0.614
0.61
0.55
0.608
0.384
0.53
0.478
0.764
0.486
0.178
0.518
0.324
0.512
0.766
0.33
0.38
0.454
0.578
0.742
0.792
0.382
0.446
0.676
0.55
0.602
0.332
0.544
0.552
0.554
0.626
0.594
0.402
0.382
0.442
0.55
0.536
0.528
0.554
0.286
0.516
0.548
0.49
0.61
0.508
0.634
0.308
0.256
0.384
0.482
0.748
0.744
0.384
0.532
0.386
0.546
0.372
0.43
0.44
0.142
0.724
0.694
0.428
0.464
0.43
0.808
0.882
0.624
0.55
0.386
0.438
0.406
0.578
0.568
0.396
0.414
0.526
0.42
0.56
0.55
0.496
0.194
0.452
0.334
0.318
0.396
0.528
0.726
0.694
0.422
0.422
0.628
0.652
0.382
0.404
0.504
0.46
0.428
0.57
0.588
0.534
0.294
0.522
0.512
0.538
0.352
0.418
0.442
0.466
0.574
0.498
0.458
0.612
0.56
0.352
0.532
0.49
0.256
0.482
0.584
0.454
0.64
0.488
0.482
0.622
0.428
0.346
0.578
0.518
0.456
0.62
0.444
0.44
0.404
0.624
0.526
0.492
0.566
0.466
0.58
0.604
0.338
0.502
0.546
0.538
0.426
0.448
0.536
0.404
0.37
0.372
0.404
0.358
0.724
0.392
0.424
0.5
0.534
0.368
0.56
0.32
0.428
0.432
0.144
0.724
0.442
0.37
0.358
0.512
0.432
0.642
0.43
0.576
0.666
0.546
0.468
0.722
0.66
0.48
0.552
0.722
0.642
0.33
0.504
0.726
0.766
0.406
0.758
0.428
0.362
0.452
0.638
0.302
0.588
0.84
0.6
0.334
0.45
0.778
0.362
0.74
0.382
0.51
0.198
0.322
0.504
0.488
0.63
0.602
0.78
0.818
0.416
0.384
0.684
0.436
0.626
0.67
0.354
0.558
0.784
0.404
0.372
0.488
0.43
0.41
0.592
0.552
0.508
0.68
0.396
0.338
0.566
0.784
0.376
0.37
0.6
0.562
0.508
0.598
0.434
0.62
0.328
0.358
0.308
0.728
0.464
0.398
0.79
0.564
0.344
0.47
0.642
0.728
0.604
0.582
0.626
0.548
0.646
0.384
0.504
0.526
0.748
0.62
0.324
0.536
0.636
0.726
0.592
0.624
0.594
0.554
0.59
0.41
0.466
0.526
0.742
0.364
0.324
0.42
0.474
0.758
0.698
0.386
0.43
0.396
0.528
0.34
0.3
0.434
0.472
0.776
0.704
0.422
0.522
0.16
0.444
0.488
0.174
0.48
0.398
0.366
0.386
0.466
0.432
0.656
0.742
0.384
0.764
0.3
0.638
0.746
0.572
0.642
0.638
0.572
0.598
0.414
0.478
0.48
0.7
0.654
0.574
0.418
0.432
0.45
0.558
0.57
0.554
0.634
0.302
0.522
0.532
0.524
0.564
0.286
0.352
0.296
0.368
0.482
0.668
0.54
0.392
0.496
0.462
0.556
0.548
0.61
0.498
0.638
0.778
0.26
0.726
0.406
0.59
0.756
0.574
0.656
0.564
0.556
0.632
0.44
0.504
0.602
0.666
0.544
0.292
0.258
0.488
0.396
0.324
0.392
0.466
0.13
0.742
0.556
0.592
0.328
0.462
0.53
0.516
0.462
0.176
0.498
0.312
0.544
0.884
0.278
0.444
0.454
0.586
0.65
0.566
0.504
0.712
0.7
0.49
0.544
0.722
0.638
0.634
0.538
0.38
0.46
0.464
0.548
0.558
0.332
0.646
0.59
0.458
0.652
0.574
0.77
0.326
0.558
0.32
0.3
0.406
0.558
0.358
0.356
0.656
0.638
0.484
0.646
0.548
0.38
0.42
0.536
0.57
0.6
0.334
0.444
0.536
0.56
0.336
0.56
0.854
0.426
0.554
0.56
0.572
0.402
0.57
0.362
0.376
0.48
0.144
0.7
0.496
0.59
0.664
0.562
0.526
0.742
0.658
0.528
0.622
0.672
0.692
0.644
0.506
0.62
0.502
0.514
0.582
0.508
0.532
0.592
0.468
0.402
0.602
0.594
0.516
0.604
0.44
0.544
0.434
0.55
0.39
0.41
0.462
0.128
0.738
0.448
0.172
0.438
0.582
0.416
0.574
0.37
0.414
0.484
0.152
0.734
0.504
0.154
0.506
0.612
0.72
0.81
0.386
0.414
0.602
0.606
0.494
0.674
0.514
0.464
0.354
0.662
0.75
0.53
0.628
0.618
0.54
0.632
0.406
0.44
0.504
0.72
0.236
0.392
0.518
0.556
0.53
0.508
0.332
0.398
0.462
0.612
0.498
0.628
0.664
0.464
0.232
0.644
0.544
0.65
0.434
0.408
0.584
0.546
0.496
0.646
0.376
0.606
0.728
0.856
0.396
0.45
0.632
0.59
0.426
0.648
0.602
0.504
0.612
0.658
0.292
0.368
0.62
0.766
0.852
0.398
0.458
0.624
0.422
0.506
0.332
0.59
0.256
0.342
0.542
0.378
0.57
0.374
0.402
0.478
0.148
0.76
0.626
0.78
0.526
0.63
0.604
0.582
0.616
0.426
0.484
0.518
0.744
0.698
0.504
0.474
0.464
0.448
0.834
0.722
0.464
0.566
0.636
0.618
0.3
0.358
0.348
0.684
0.47
0.424
0.77
0.532
0.378
0.46
0.398
0.442
0.522
0.554
0.352
0.584
0.392
0.426
0.464
0.136
0.714
0.378
0.572
0.658
0.344
0.306
0.37
0.436
0.412
0.716
0.386
0.46
0.388
0.386
0.6
0.55
0.53
0.656
0.414
0.578
0.502
0.74
0.676
0.488
0.59
0.718
0.584
0.33
0.306
0.37
0.47
0.766
0.746
0.35
0.76
0.29
0.366
0.522
0.688
0.454
0.39
0.606
0.56
0.494
0.658
0.394
0.75
0.368
0.55
0.536
0.346
0.498
0.516
0.578
0.448
0.376
0.606
0.536
0.508
0.588
0.442
0.234
0.416
0.602
0.61
0.536
0.46
0.634
0.528
0.63
0.636
0.48
0.64
0.358
0.348
0.382
0.512
0.758
0.702
0.438
0.578
0.406
0.548
0.358
0.398
0.5
0.14
0.756
0.41
0.444
0.508
0.548
0.64
0.53
0.394
0.516
0.336
0.582
0.572
0.594
0.774
0.816
0.408
0.456
0.684
0.496
0.17
0.436
0.636
0.79
0.552
0.636
0.54
0.58
0.612
0.424
0.45
0.49
0.746
0.528
0.544
0.676
0.604
0.496
0.718
0.682
0.468
0.616
0.716
0.644
0.594
0.754
0.58
0.65
0.648
0.548
0.598
0.398
0.468
0.542
0.712
0.702
0.566
0.426
0.446
0.396
0.622
0.57
0.606
0.57
0.32
0.478
0.5
0.51
0.46
0.57
0.37
0.38
0.486
0.712
0.476
0.474
0.566
0.342
0.564
0.796
0.668
0.434
0.53
0.304
0.838
0.824
0.586
0.184
0.334
0.538
0.584
0.626
0.606
0.544
0.784
0.742
0.478
0.58
0.7
0.656
0.216
0.442
0.622
0.606
0.578
0.432
0.39
0.584
0.326
0.624
0.49
0.634
0.248
0.416
0.514
0.568
0.562
0.47
0.434
0.576
0.664
0.502
0.464
0.666
0.592
0.482
0.656
0.708
0.63
0.646
0.294
0.39
0.32
0.702
0.438
0.418
0.788
0.57
0.386
0.524
0.67
0.538
0.648
0.46
0.426
0.55
0.604
0.75
0.802
0.394
0.406
0.646
0.476
0.506
0.672
0.534
0.642
0.486
0.362
0.534
0.766
0.404
0.568
0.586
0.452
0.45
0.566
0.628
0.53
0.614
0.636
0.288
0.322
0.502
0.474
0.312
0.566
0.468
0.606
0.33
0.4
0.358
0.434
0.474
0.706
0.364
0.446
0.466
0.61
0.362
0.522
0.774
0.626
0.772
0.582
0.632
0.648
0.59
0.536
0.38
0.494
0.556
0.732
0.43
0.424
0.566
0.584
0.504
0.626
0.376
0.486
0.674
0.696
0.258
0.352
0.4
0.558
0.562
0.776
0.316
0.336
0.594
0.6
0.648
0.616
0.558
0.452
0.542
0.606
0.346
0.862
0.218
0.526
0.238
0.592
0.444
0.466
0.552
0.6
0.316
0.47
0.42
0.554
0.566
0.568
0.734
0.75
0.41
0.434
0.658
0.344
0.33
0.398
0.496
0.71
0.708
0.422
0.61
0.462
0.618
0.628
0.736
0.756
0.39
0.432
0.584
0.64
0.292
0.374
0.328
0.704
0.47
0.428
0.74
0.604
0.356
0.422
0.388
0.432
0.53
0.658
0.378
0.22
0.734
0.332
0.488
0.49
0.656
0.566
0.534
0.736
0.696
0.456
0.578
0.674
0.632
0.44
0.394
0.504
0.53
0.61
0.29
0.342
0.672
0.252
0.386
0.566
0.75
0.88
0.412
0.432
0.606
0.296
0.58
0.566
0.468
0.578
0.644
0.53
0.51
0.7
0.64
0.516
0.594
0.692
0.672
0.174
0.4
0.63
0.598
0.564
0.438
0.57
0.662
0.314
0.496
0.54
0.532
0.308
0.544
0.796
0.596
0.758
0.84
0.384
0.388
0.696
0.234
0.4
0.502
0.514
0.528
0.446
0.586
0.73
0.834
0.416
0.424
0.674
0.398
0.418
0.594
0.486
0.518
0.588
0.464
0.346
0.394
0.532
0.302
0.562
0.868
0.61
0.5
0.636
0.568
0.232
0.362
0.756
0.322
0.632
0.54
0.65
0.596
0.22
0.348
0.488
0.332
0.508
0.342
0.424
0.41
0.162
0.72
0.608
0.502
0.37
0.44
0.446
0.6
0.54
0.428
0.626
0.596
0.328
0.526
0.796
0.496
0.342
0.502
0.372
0.384
0.452
0.142
0.74
0.474
0.64
0.732
0.378
0.442
0.488
0.588
0.43
0.586
0.674
0.592
0.546
0.732
0.73
0.47
0.574
0.678
0.584
0.598
0.394
0.552
0.376
0.408
0.422
0.138
0.694
0.634
0.526
0.624
0.36
0.532
0.32
0.55
0.776
0.312
0.524
0.814
0.386
0.476
0.692
0.336
0.532
0.762
0.548
0.614
0.298
0.504
0.552
0.528
0.416
0.33
0.406
0.378
0.36
0.738
0.406
0.412
0.536
0.75
0.39
0.352
0.432
0.502
0.436
0.412
0.532
0.586
0.32
0.348
0.462
0.442
0.56
0.702
0.306
0.544
0.802
0.748
0.314
0.704
0.384
0.746
0.338
0.378
0.342
0.394
0.496
0.696
0.682
0.388
0.372
0.43
0.542
0.82
0.542
0.4
0.578
0.38
0.372
0.42
0.136
0.706
0.424
0.348
0.46
0.356
0.656
0.434
0.374
0.57
0.554
0.496
0.598
0.444
0.446
0.604
0.644
0.538
0.492
0.7
0.684
0.464
0.632
0.678
0.694
0.586
0.538
0.386
0.438
0.382
0.574
0.554
0.524
0.36
0.576
0.348
0.48
0.41
0.154
0.706
0.358
0.518
0.754
0.634
0.494
0.218
0.634
0.756
0.612
0.674
0.524
0.602
0.646
0.424
0.522
0.558
0.706
0.62
0.476
0.594
0.402
0.584
0.69
0.442
0.568
0.694
0.548
0.524
0.728
0.68
0.48
0.576
0.742
0.654
0.68
0.508
0.608
0.662
0.504
0.658
0.692
0.406
0.23
0.626
0.748
0.826
0.346
0.38
0.608
0.624
0.748
0.77
0.382
0.482
0.656
0.362
0.396
0.486
0.148
0.758
0.554
0.478
0.344
0.436
0.55
0.674
0.528
0.486
0.73
0.694
0.468
0.62
0.726
0.688
0.404
0.38
0.522
0.55
0.402
0.404
0.508
0.536
0.47
0.574
0.464
0.494
0.378
0.606
0.366
0.412
0.438
0.146
0.774
0.56
0.302
0.356
0.754
0.532
0.468
0.472
0.552
0.87
0.59
0.472
0.586
0.632
0.628
0.734
0.554
0.626
0.596
0.532
0.566
0.408
0.468
0.512
0.716
0.364
0.328
0.408
0.51
0.742
0.718
0.418
0.638
0.486
0.586
0.68
0.524
0.36
0.41
0.518
0.58
0.558
0.682
0.508
0.648
0.638
0.554
0.408
0.42
0.462
0.588
0.542
0.506
0.538
0.678
0.566
0.542
0.758
0.652
0.47
0.602
0.708
0.622
0.264
0.412
0.798
0.348
0.614
0.722
0.752
0.382
0.42
0.632
0.472
0.578
0.654
0.614
0.542
0.786
0.7
0.444
0.586
0.726
0.618
0.654
0.524
0.648
0.642
0.506
0.612
0.744
0.268
0.41
0.412
0.336
0.456
0.362
0.718
0.512
0.528
0.646
0.58
0.52
0.744
0.672
0.508
0.554
0.696
0.68
0.582
0.766
0.582
0.594
0.648
0.528
0.602
0.444
0.49
0.628
0.654
0.344
0.28
0.418
0.526
0.73
0.724
0.404
0.774
0.268
0.616
0.568
0.318
0.506
0.524
0.544
0.486
0.554
0.656
0.606
0.512
0.758
0.66
0.464
0.624
0.678
0.682
0.46
0.564
0.712
0.578
0.516
0.724
0.664
0.496
0.624
0.68
0.634
0.494
0.488
0.402
0.328
0.57
0.832
0.49
0.18
0.538
0.434
0.38
0.602
0.564
0.502
0.68
0.412
0.522
0.208
0.338
0.52
0.36
0.552
0.356
0.394
0.474
0.162
0.696
0.372
0.352
0.574
0.56
0.488
0.6
0.45
0.432
0.38
0.568
0.6
0.48
0.606
0.44
0.68
0.23
0.324
0.388
0.484
0.354
0.55
0.868
0.498
0.154
0.428
0.608
0.562
0.32
0.444
0.402
0.62
0.546
0.506
0.588
0.428
0.694
0.496
0.648
0.454
0.63
0.664
0.608
0.57
0.392
0.372
0.346
0.612
0.528
0.534
0.384
0.524
0.392
0.414
0.45
0.146
0.752
0.578
0.32
0.656
0.546
0.428
0.532
0.36
0.394
0.394
0.166
0.698
0.534
0.628
0.58
0.504
0.686
0.568
0.616
0.644
0.742
0.568
0.61
0.568
0.552
0.614
0.444
0.494
0.534
0.734
0.664
0.554
0.648
0.652
0.546
0.67
0.342
0.382
0.462
0.342
0.516
0.766
0.576
0.558
0.358
0.494
0.524
0.548
0.666
0.432
0.488
0.438
0.416
0.858
0.726
0.502
0.612
0.634
0.672
0.79
0.564
0.65
0.596
0.55
0.588
0.45
0.52
0.536
0.738
0.654
0.618
0.402
0.412
0.442
0.628
0.568
0.39
0.378
0.39
0.456
0.394
0.68
0.526
0.498
0.358
0.412
0.41
0.518
0.554
0.35
0.41
0.524
0.364
0.54
0.81
0.674
0.426
0.208
0.516
0.2
0.35
0.322
0.628
0.622
0.588
0.604
0.538
0.348
0.284
0.376
0.458
0.748
0.724
0.382
0.592
0.476
0.652
0.596
0.48
0.614
0.326
0.298
0.382
0.508
0.758
0.732
0.374
0.17
0.466
0.648
0.558
0.552
0.5
0.498
0.54
0.706
0.324
0.502
0.77
0.468
0.602
0.686
0.448
0.566
0.678
0.608
0.54
0.762
0.7
0.514
0.562
0.676
0.664
0.576
0.408
0.578
0.384
0.398
0.434
0.132
0.728
0.624
0.222
0.362
0.456
0.552
0.636
0.532
0.518
0.714
0.676
0.478
0.586
0.724
0.602
0.422
0.568
0.68
0.576
0.502
0.71
0.672
0.492
0.622
0.732
0.642
0.692
0.574
0.394
0.464
0.464
0.548
0.55
0.436
0.418
0.598
0.578
0.51
0.514
0.45
0.336
0.434
0.482
0.132
0.764
0.558
0.45
0.312
0.748
0.372
0.578
0.182
0.296
0.768
0.3
0.786
0.34
0.364
0.534
0.66
0.534
0.496
0.72
0.668
0.424
0.586
0.664
0.686
0.55
0.766
0.84
0.322
0.452
0.7
0.346
0.562
0.778
0.668
0.558
0.388
0.42
0.386
0.612
0.508
0.496
0.198
0.508
0.578
0.776
0.75
0.366
0.402
0.642
0.594
0.316
0.428
0.376
0.406
0.506
0.516
0.682
0.492
0.646
0.34
0.41
0.47
0.554
0.448
0.31
0.354
0.416
0.34
0.354
0.48
0.52
0.328
0.562
0.368
0.44
0.45
0.154
0.704
0.42
0.626
0.674
0.622
0.562
0.74
0.654
0.44
0.618
0.698
0.688
0.468
0.576
0.678
0.574
0.52
0.712
0.67
0.444
0.588
0.646
0.654
0.438
0.392
0.544
0.528
0.482
0.618
0.426
0.716
0.532
0.48
0.474
0.36
0.832
0.804
0.484
0.594
0.644
0.386
0.522
0.604
0.174
0.46
0.684
0.606
0.526
0.51
0.562
0.752
0.766
0.354
0.362
0.66
0.592
0.446
0.6
0.332
0.562
0.774
0.458
0.606
0.66
0.424
0.41
0.508
0.544
0.572
0.714
0.796
0.388
0.44
0.65
0.372
0.408
0.622
0.564
0.534
0.66
0.416
0.568
0.318
0.46
0.55
0.182
0.352
0.462
0.588
0.672
0.534
0.534
0.732
0.646
0.48
0.566
0.672
0.668
0.532
0.444
0.582
0.636
0.54
0.418
0.384
0.454
0.59
0.6
0.658
0.814
0.554
0.638
0.552
0.562
0.63
0.418
0.512
0.538
0.728
0.626
0.734
0.596
0.61
0.57
0.532
0.618
0.402
0.474
0.494
0.776
0.636
0.758
0.742
0.388
0.422
0.7
0.334
0.544
0.83
0.402
0.554
0.356
0.596
0.758
0.808
0.37
0.46
0.682
0.588
0.738
0.816
0.346
0.414
0.674
0.34
0.882
0.226
0.546
0.222
0.692
0.784
0.362
0.632
0.232
0.368
0.328
0.73
0.486
0.446
0.72
0.564
0.398
0.484
0.152
0.468
0.678
0.568
0.55
0.434
0.636
0.266
0.328
0.492
0.166
0.34
0.42
0.438
0.528
0.49
0.468
0.5
0.464
0.572
0.71
0.602
0.52
0.732
0.652
0.494
0.554
0.756
0.59
0.676
0.478
0.238
0.462
0.59
0.682
0.59
0.5
0.712
0.666
0.496
0.606
0.732
0.6
0.748
0.364
0.504
0.482
0.612
0.636
0.706
0.652
0.62
0.602
0.548
0.592
0.404
0.504
0.506
0.718
0.632
0.304
0.358
0.32
0.738
0.444
0.486
0.836
0.556
0.418
0.498
0.646
0.286
0.366
0.314
0.724
0.444
0.466
0.874
0.57
0.346
0.504
0.504
0.56
0.292
0.688
0.478
0.524
0.344
0.844
0.816
0.628
0.316
0.356
0.308
0.672
0.462
0.41
0.702
0.554
0.418
0.498
0.642
0.516
0.638
0.67
0.548
0.4
0.374
0.396
0.61
0.586
0.474
0.59
0.658
0.606
0.492
0.744
0.706
0.486
0.558
0.73
0.6
0.37
0.552
0.638
0.584
0.536
0.7
0.666
0.458
0.604
0.694
0.656
0.598
0.774
0.538
0.616
0.574
0.568
0.6
0.464
0.514
0.536
0.716
0.676
0.488
0.512
0.468
0.484
0.84
0.686
0.494
0.59
0.646
0.596
0.482
0.642
0.456
0.556
0.312
0.582
0.766
0.768
0.354
0.388
0.734
0.384
0.33
0.34
0.462
0.44
0.602
0.496
0.606
0.66
0.598
0.528
0.734
0.672
0.488
0.61
0.692
0.638
0.292
0.306
0.36
0.508
0.758
0.772
0.348
0.528
0.35
0.54
0.364
0.388
0.52
0.126
0.754
0.47
0.576
0.662
0.488
0.48
0.694
0.592
0.48
0.622
0.728
0.68
0.412
0.496
0.558
0.612
0.544
0.536
0.738
0.71
0.468
0.568
0.744
0.624
0.36
0.9
0.244
0.524
0.232
0.626
0.482
0.592
0.73
0.662
0.506
0.64
0.602
0.726
0.812
0.36
0.394
0.672
0.638
0.46
0.516
0.476
0.426
0.862
0.76
0.494
0.59
0.608
0.332
0.36
0.484
0.46
0.562
0.668
0.554
0.558
0.682
0.65
0.492
0.56
0.672
0.628
0.286
0.284
0.35
0.482
0.778
0.76
0.358
0.614
0.746
0.802
0.346
0.41
0.642
0.47
0.408
0.61
0.558
0.474
0.552
0.456
0.646
0.508
0.624
0.718
0.4
0.228
0.364
0.322
0.394
0.49
0.748
0.694
0.364
0.398
0.444
0.606
0.376
0.282
0.37
0.466
0.736
0.686
0.396
0.584
0.244
0.358
0.566
0.744
0.728
0.324
0.384
0.706
0.606
0.704
0.63
0.606
0.564
0.554
0.592
0.404
0.512
0.578
0.704
0.61
0.29
0.388
0.336
0.65
0.416
0.422
0.758
0.594
0.37
0.512
0.582
0.56
0.332
0.472
0.536
0.524
0.624
0.546
0.41
0.46
0.356
0.584
0.516
0.668
0.568
0.396
0.482
0.456
0.6
0.584
0.636
0.512
0.622
0.326
0.636
0.61
0.6
0.646
0.55
0.566
0.524
0.338
0.45
0.522
0.532
0.398
0.33
0.374
0.43
0.368
0.74
0.494
0.492
0.562
0.49
0.352
0.58
0.38
0.442
0.482
0.174
0.74
0.464
0.58
0.658
0.596
0.496
0.742
0.672
0.48
0.612
0.712
0.642
0.45
0.406
0.518
0.548
0.616
0.51
0.626
0.628
0.58
0.426
0.528
0.56
0.558
0.564
0.642
0.482
0.65
0.636
0.496
0.65
0.596
0.52
0.612
0.538
0.37
0.576
0.358
0.374
0.458
0.128
0.708
0.608
0.802
0.544
0.634
0.526
0.606
0.622
0.406
0.484
0.496
0.7
0.298
0.542
0.796
0.332
0.458
0.614
0.238
0.338
0.248
0.372
0.508
0.566
0.604
0.518
0.562
0.736
0.83
0.39
0.372
0.652
0.598
0.714
0.566
0.624
0.546
0.576
0.62
0.404
0.452
0.548
0.766
0.658
0.554
0.384
0.45
0.448
0.594
0.522
0.648
0.756
0.566
0.632
0.642
0.544
0.562
0.45
0.508
0.478
0.744
0.622
0.762
0.576
0.638
0.6
0.566
0.604
0.388
0.502
0.566
0.652
0.654
0.528
0.412
0.504
0.436
0.552
0.582
0.596
0.416
0.264
0.546
0.734
0.812
0.32
0.448
0.702
0.582
0.494
0.642
0.626
0.496
0.566
0.404
0.566
0.676
0.564
0.47
0.748
0.696
0.5
0.604
0.694
0.666
0.404
0.42
0.534
0.536
0.408
0.52
0.384
0.422
0.51
0.126
0.764
0.202
0.45
0.588
0.522
0.55
0.464
0.598
0.476
0.646
0.54
0.388
0.546
0.384
0.408
0.442
0.122
0.688
0.43
0.53
0.658
0.618
0.52
0.742
0.69
0.448
0.6
0.688
0.652
0.38
0.39
0.398
0.124
0.7
0.6
0.498
0.61
0.37
0.886
0.194
0.514
0.244
0.694
0.692
0.524
0.418
0.516
0.392
0.86
0.766
0.456
0.638
0.604
0.416
0.44
0.524
0.53
0.554
0.452
0.58
0.41
0.416
0.374
0.49
0.418
0.686
0.432
0.602
0.616
0.618
0.556
0.392
0.482
0.406
0.594
0.536
0.688
0.47
0.226
0.434
0.568
0.686
0.524
0.484
0.712
0.642
0.52
0.576
0.678
0.64
0.388
0.348
0.376
0.476
0.424
0.634
0.538
0.728
0.78
0.342
0.43
0.632
0.628
0.5
0.64
0.444
0.5
0.67
0.584
0.558
0.776
0.706
0.514
0.554
0.704
0.636
0.582
0.448
0.666
0.34
0.418
0.41
0.148
0.718
0.446
0.39
0.612
0.592
0.48
0.646
0.416
0.59
0.472
0.594
0.604
0.736
0.826
0.38
0.406
0.624
0.654
0.57
0.644
0.618
0.476
0.638
0.664
0.412
0.424
0.37
0.806
0.868
0.344
0.566
0.33
0.312
0.3
0.386
0.476
0.744
0.746
0.416
0.652
0.444
0.256
0.402
0.342
0.548
0.546
0.446
0.646
0.36
0.426
0.576
0.322
0.344
0.418
0.462
0.516
0.59
0.668
0.468
0.256
0.624
0.37
0.222
0.368
0.33
0.408
0.488
0.75
0.726
0.398
0.338
0.322
0.426
0.51
0.748
0.7
0.42
0.434
0.536
0.344
0.508
0.38
0.594
0.374
0.444
0.46
0.15
0.726
0.402
0.392
0.556
0.566
0.518
0.572
0.44
0.446
0.514
0.694
0.554
0.504
0.744
0.694
0.508
0.53
0.692
0.64
0.532
0.362
0.568
0.344
0.438
0.436
0.15
0.694
0.424
0.568
0.676
0.578
0.502
0.732
0.678
0.488
0.604
0.668
0.672
0.358
0.468
0.674
0.564
0.364
0.374
0.43
0.606
0.574
0.618
0.508
0.612
0.682
0.526
0.636
0.676
0.54
0.678
0.184
0.356
0.296
0.394
0.272
0.37
0.634
0.54
0.592
0.36
0.382
0.35
0.422
0.348
0.702
0.636
0.316
0.394
0.298
0.704
0.414
0.386
0.688
0.554
0.406
0.46
0.492
0.52
0.586
0.62
0.248
0.358
0.286
0.542
0.87
0.612
0.78
0.78
0.448
0.432
0.716
0.688
0.414
0.216
0.588
0.504
0.612
0.308
0.44
0.348
0.51
0.366
0.532
0.724
0.75
0.426
0.43
0.71
0.37
0.898
0.198
0.524
0.21
0.588
0.334
0.284
0.372
0.494
0.744
0.708
0.382
0.66
0.562
0.384
0.426
0.336
0.552
0.506
0.66
0.562
0.37
0.45
0.428
0.586
0.552
0.652
0.512
0.608
0.444
0.602
0.676
0.512
0.334
0.542
0.358
0.402
0.462
0.144
0.728
0.608
0.756
0.62
0.59
0.606
0.552
0.616
0.404
0.512
0.57
0.698
0.626
0.3
0.402
0.304
0.72
0.468
0.41
0.664
0.588
0.382
0.472
0.36
0.564
0.65
0.542
0.652
0.524
0.338
0.508
0.806
0.594
0.482
0.596
0.668
0.54
0.426
0.5
0.45
0.594
0.54
0.414
0.54
0.666
0.564
0.532
0.766
0.694
0.508
0.59
0.714
0.664
0.544
0.402
0.534
0.37
0.414
0.412
0.142
0.698
0.566
0.742
0.786
0.354
0.452
0.638
0.672
0.432
0.244
0.294
0.444
0.518
0.472
0.33
0.39
0.394
0.688
0.478
0.216
0.456
0.618
0.658
0.568
0.476
0.706
0.65
0.424
0.574
0.69
0.63
0.604
0.732
0.57
0.628
0.704
0.548
0.542
0.402
0.48
0.53
0.724
0.676
0.264
0.406
0.408
0.398
0.502
0.436
0.538
0.656
0.558
0.512
0.71
0.708
0.464
0.592
0.724
0.658
0.432
0.412
0.566
0.596
0.808
0.552
0.65
0.642
0.584
0.606
0.374
0.468
0.524
0.712
0.444
0.37
0.624
0.556
0.52
0.554
0.468
0.492
0.6
0.318
0.54
0.386
0.68
0.632
0.748
0.776
0.372
0.46
0.716
0.568
0.712
0.822
0.45
0.448
0.636
0.58
0.168
0.458
0.584
0.436
0.55
0.464
0.472
0.606
0.46
0.568
0.65
0.614
0.518
0.752
0.676
0.472
0.586
0.728
0.682
0.61
0.45
0.37
0.312
0.44
0.678
0.462
0.48
0.466
0.5
0.856
0.678
0.488
0.59
0.626
0.598
0.266
0.36
0.336
0.722
0.48
0.434
0.696
0.586
0.392
0.462
0.456
0.608
0.64
0.562
0.31
0.362
0.576
0.498
0.336
0.646
0.61
0.416
0.474
0.38
0.63
0.518
0.382
0.296
0.412
0.506
0.74
0.688
0.436
0.404
0.358
0.608
0.598
0.508
0.63
0.422
0.328
0.286
0.344
0.484
0.78
0.74
0.422
0.662
0.574
0.418
0.35
0.49
0.61
0.58
0.348
0.29
0.362
0.476
0.754
0.746
0.362
0.632
0.506
0.372
0.372
0.456
0.592
0.544
0.412
0.376
0.588
0.578
0.52
0.604
0.432
0.4
0.426
0.488
0.622
0.746
0.622
0.644
0.67
0.532
0.562
0.448
0.466
0.574
0.718
0.556
0.398
0.566
0.412
0.406
0.464
0.132
0.734
0.456
0.404
0.558
0.598
0.444
0.324
0.618
0.734
0.838
0.332
0.412
0.7
0.648
0.502
0.62
0.516
0.168
0.358
0.734
0.556
0.622
0.57
0.354
0.608
0.762
0.83
0.342
0.402
0.678
0.648
0.554
0.622
0.628
0.396
0.284
0.566
0.572
0.368
0.538
0.516
0.534
0.508
0.646
0.638
0.238
0.588
0.342
0.888
0.226
0.55
0.306
0.586
0.6
0.602
0.574
0.366
0.356
0.546
0.316
0.33
0.402
0.598
0.664
0.544
0.378
0.688
0.49
0.544
0.35
0.392
0.47
0.452
0.534
0.376
0.318
0.386
0.592
0.754
0.818
0.356
0.45
0.75
0.61
0.724
0.814
0.368
0.424
0.624
0.178
0.42
0.612
0.548
0.544
0.464
0.678
0.218
0.596
0.42
0.584
0.688
0.57
0.558
0.73
0.694
0.494
0.586
0.728
0.646
0.636
0.75
0.45
0.638
0.624
0.55
0.56
0.414
0.454
0.542
0.744
0.328
0.51
0.816
0.354
0.444
0.294
0.868
0.612
0.466
0.366
0.494
0.49
0.544
0.626
0.758
0.572
0.582
0.498
0.562
0.662
0.45
0.522
0.518
0.708
0.63
0.724
0.618
0.618
0.63
0.568
0.58
0.398
0.518
0.584
0.64
0.344
0.36
0.362
0.5
0.77
0.7
0.386
0.57
0.71
0.81
0.354
0.388
0.714
0.35
0.428
0.474
0.148
0.718
0.3
0.554
0.86
0.74
0.302
0.638
0.51
0.64
0.618
0.758
0.81
0.366
0.414
0.648
0.352
0.502
0.738
0.56
0.776
0.788
0.372
0.482
0.624
0.594
0.496
0.61
0.634
0.714
0.782
0.376
0.438
0.668
0.624
0.454
0.638
0.65
0.498
0.638
0.614
0.738
0.75
0.356
0.428
0.632
0.596
0.736
0.768
0.438
0.464
0.65
0.66
0.494
0.636
0.628
0.502
0.648
0.586
0.528
0.626
0.64
0.518
0.604
0.634
0.526
0.642
0.642
0.486
0.622
0.56
0.742
0.8
0.318
0.392
0.66
0.586
0.74
0.786
0.36
0.442
0.672
0.596
0.716
0.776
0.374
0.426
0.644
0.602
0.752
0.58
0.634
0.588
0.606
0.56
0.418
0.488
0.584
0.7
0.678
0.528
0.59
0.374
0.392
0.582
0.556
0.512
0.532
0.456
0.66
0.526
0.388
0.49
0.466
0.61
0.578
0.362
0.316
0.38
0.506
0.758
0.692
0.388
0.294
0.326
0.404
0.494
0.752
0.77
0.372
0.592
0.442
0.582
0.37
0.41
0.422
0.138
0.728
0.426
0.572
0.568
0.63
0.764
0.722
0.416
0.436
0.66
0.608
0.756
0.8
0.418
0.462
0.69
0.58
0.758
0.85
0.386
0.438
0.664
0.624
0.508
0.598
0.438
0.578
0.34
0.588
0.756
0.818
0.41
0.448
0.64
0.682
0.47
0.632
0.626
0.74
0.778
0.408
0.458
0.626
0.63
0.522
0.686
0.584
0.282
0.368
0.6
0.708
0.764
0.466
0.426
0.698
0.572
0.446
0.604
0.616
0.488
0.608
0.39
0.358
0.346
0.47
0.38
0.732
0.606
0.254
0.378
0.19
0.47
0.624
0.464
0.556
0.558
0.652
0.764
0.76
0.35
0.428
0.626
0.604
0.554
0.31
0.42
0.58
0.526
0.72
0.442
0.544
0.332
0.856
0.852
0.444
0.552
0.668
0.482
0.46
0.682
0.574
0.462
0.588
0.722
0.658
0.58
0.584
0.308
0.556
0.528
0.566
0.308
0.536
0.814
0.462
0.574
0.646
0.542
0.476
0.714
0.642
0.512
0.63
0.65
0.654
0.652
0.584
0.414
0.446
0.348
0.572
0.512
0.302
0.272
0.38
0.472
0.774
0.674
0.432
0.594
0.76
0.798
0.348
0.48
0.648
0.38
0.532
0.58
0.612
0.738
0.576
0.65
0.642
0.542
0.602
0.422
0.448
0.532
0.71
0.518
0.346
0.548
0.388
0.436
0.468
0.116
0.746
0.47
0.406
0.606
0.584
0.546
0.594
0.414
0.548
0.404
0.564
0.404
0.41
0.434
0.148
0.728
0.696
0.576
0.204
0.31
0.568
0.372
0.644
0.902
0.194
0.554
0.242
0.62
0.55
0.608
0.298
0.496
0.518
0.53
0.228
0.406
0.196
0.468
0.652
0.614
0.55
0.464
0.646
0.54
0.352
0.458
0.498
0.57
0.612
0.688
0.402
0.474
0.4
0.83
0.872
0.48
0.64
0.59
0.518
0.742
0.686
0.592
0.22
0.36
0.62
0.21
0.364
0.23
0.344
0.528
0.584
0.494
0.482
0.362
0.436
0.498
0.598
0.274
0.396
0.498
0.14
0.46
0.452
0.584
0.674
0.614
0.532
0.726
0.688
0.436
0.562
0.696
0.616
0.35
0.574
0.638
0.64
0.674
0.552
0.488
0.15
0.446
0.362
0.532
0.334
0.288
0.388
0.494
0.72
0.718
0.356
0.488
0.458
0.52
0.636
0.768
0.614
0.61
0.546
0.624
0.63
0.412
0.514
0.55
0.704
0.692
0.518
0.4
0.45
0.51
0.586
0.558
0.328
0.566
0.884
0.576
0.308
0.696
0.448
0.49
0.574
0.594
0.466
0.612
0.672
0.428
0.238
0.434
0.612
0.672
0.372
0.432
0.63
0.378
0.404
0.456
0.554
0.642
0.478
0.64
0.73
0.434
0.484
0.316
0.872
0.848
0.376
0.39
0.438
0.616
0.668
0.498
0.39
0.576
0.374
0.43
0.444
0.142
0.774
0.42
0.54
0.63
0.568
0.498
0.718
0.66
0.5
0.572
0.686
0.7
0.688
0.446
0.208
0.658
0.528
0.618
0.582
0.22
0.278
0.38
0.426
0.522
0.458
0.618
0.656
0.578
0.554
0.794
0.7
0.506
0.558
0.712
0.622
0.626
0.606
0.39
0.482
0.49
0.562
0.556
0.44
0.578
0.656
0.612
0.49
0.782
0.662
0.476
0.582
0.686
0.644
0.59
0.776
0.55
0.646
0.592
0.572
0.596
0.354
0.476
0.502
0.728
0.41
0.61
0.526
0.51
0.528
0.658
0.718
0.598
0.644
0.662
0.508
0.59
0.404
0.484
0.53
0.69
0.392
0.582
0.602
0.524
0.496
0.664
0.644
0.478
0.538
0.692
0.608
0.418
0.586
0.686
0.618
0.75
0.596
0.598
0.624
0.542
0.586
0.426
0.452
0.562
0.722
0.62
0.3
0.346
0.35
0.73
0.43
0.432
0.774
0.554
0.42
0.474
0.416
0.612
0.698
0.43
0.396
0.508
0.534
0.506
0.33
0.75
0.432
0.572
0.322
0.402
0.526
0.59
0.408
0.514
0.628
0.386
0.546
0.598
0.606
0.222
0.592
0.562
0.47
0.656
0.6
0.722
0.774
0.404
0.426
0.662
0.68
0.568
0.418
0.422
0.406
0.612
0.564
0.646
0.566
0.382
0.426
0.444
0.536
0.536
0.464
0.582
0.634
0.57
0.506
0.732
0.644
0.468
0.59
0.744
0.616
0.432
0.524
0.314
0.358
0.526
0.79
0.626
0.54
0.658
0.454
0.418
0.486
0.544
0.672
0.412
0.222
0.636
0.278
0.384
0.338
0.64
0.654
0.602
0.65
0.538
0.514
0.17
0.326
0.538
0.748
0.784
0.382
0.41
0.656
0.434
0.618
0.664
0.722
0.346
0.494
0.348
0.704
0.476
0.544
0.692
0.608
0.584
0.746
0.702
0.478
0.57
0.686
0.668
0.438
0.404
0.498
0.52
0.432
0.404
0.492
0.506
0.42
0.53
0.596
0.558
0.466
0.354
0.782
0.318
0.73
0.342
0.376
0.538
0.336
0.622
0.382
0.296
0.558
0.406
0.348
0.336
0.414
0.486
0.41
0.384
0.372
0.552
0.83
0.556
0.344
0.364
0.558
0.396
0.368
0.438
0.368
0.426
0.396
0.49
0.548
0.706
0.292
0.576
0.59
0.324
0.54
0.504
0.578
0.638
0.396
0.63
0.6
0.6
0.354
0.474
0.536
0.502
0.744
0.324
0.57
0.532
0.592
0.376
0.514
0.536
0.578
0.44
0.34
0.76
0.342
0.608
0.426
0.292
0.35
0.52
0.69
0.354
0.584
0.812
0.348
0.434
0.508
0.726
0.364
0.332
0.426
0.48
0.554
0.366
0.714
0.476
0.44
0.608
0.596
0.36
0.734
0.6
0.35
0.312
0.43
0.496
0.566
0.39
0.91
0.202
0.572
0.22
0.646
0.592
0.346
0.34
0.36
0.484
0.704
0.4
0.368
0.444
0.352
0.696
0.432
0.456
0.548
0.538
0.452
0.16
0.516
0.392
0.532
0.578
0.598
0.398
0.34
0.606
0.534
0.334
0.518
0.514
0.574
0.34
0.516
0.766
0.416
0.384
0.362
0.44
0.386
0.716
0.732
0.324
0.286
0.526
0.768
0.302
0.872
0.182
0.512
0.222
0.612
0.464
0.568
0.36
0.326
0.586
0.34
0.192
0.44
0.618
0.608
0.528
0.47
0.438
0.48
0.542
0.62
0.524
0.35
0.494
0.516
0.57
0.574
0.614
0.374
0.482
0.534
0.54
0.328
0.52
0.756
0.316
0.346
0.37
0.422
0.396
0.712
0.578
0.378
0.68
0.336
0.514
0.778
0.334
0.53
0.818
0.592
0.33
0.354
0.44
0.504
0.578
0.586
0.74
0.794
0.406
0.456
0.69
0.31
0.436
0.528
0.324
0.468
0.764
0.222
0.438
0.552
0.686
0.534
0.538
0.736
0.354
0.526
0.548
0.3
0.594
0.344
0.618
0.364
0.414
0.448
0.412
0.53
0.324
0.374
0.316
0.496
0.15
0.436
0.268
0.276
0.338
0.482
0.778
0.732
0.386
0.344
0.318
0.384
0.532
0.746
0.706
0.402
0.65
0.54
0.358
0.446
0.442
0.586
0.566
0.43
0.448
0.562
0.572
0.366
0.616
0.374
0.534
0.798
0.414
0.422
0.554
0.76
0.352
0.43
0.424
0.546
0.758
0.342
0.552
0.398
0.37
0.574
0.332
0.356
0.548
0.478
0.382
0.752
0.352
0.754
0.384
0.58
0.342
0.332
0.268
0.584
0.852
0.738
0.322
0.336
0.316
0.338
0.5
0.762
0.698
0.394
0.758
0.408
0.304
0.532
0.842
0.728
0.366
0.382
0.544
0.766
0.396
0.456
0.566
0.732
0.342
0.618
0.29
0.34
0.628
0.392
0.33
0.544
0.624
0.314
0.504
0.552
0.53
0.764
0.292
0.69
0.48
0.216
0.748
0.372
0.538
0.32
0.352
0.554
0.494
0.64
0.6
0.378
0.348
0.582
0.354
0.66
0.728
0.356
0.58
0.358
0.34
0.584
0.474
0.306
0.754
0.368
0.35
0.5
0.716
0.332
0.552
0.786
0.47
0.49
0.578
0.304
0.534
0.818
0.316
0.546
0.764
0.574
0.326
0.33
0.764
0.316
0.588
0.23
0.584
0.578
0.376
0.298
0.426
0.358
0.544
0.5
0.74
0.34
0.628
0.204
0.59
0.284
0.57
0.892
0.31
0.552
0.84
0.408
0.466
0.57
0.524
0.298
0.326
0.494
0.488
0.574
0.628
0.208
0.622
0.416
0.402
0.618
0.562
0.52
0.57
0.48
0.542
0.466
0.348
0.752
0.302
0.334
0.336
0.382
0.538
0.744
0.734
0.402
0.414
0.41
0.516
0.518
0.304
0.502
0.8
0.404
0.482
0.71
0.562
0.372
0.306
0.39
0.9
0.194
0.508
0.214
0.694
0.566
0.384
0.362
0.542
0.34
0.512
0.402
0.392
0.422
0.178
0.772
0.304
0.532
0.388
0.564
0.336
0.688
0.318
0.518
0.82
0.304
0.56
0.818
0.33
0.892
0.196
0.552
0.248
0.626
0.56
0.366
0.706
0.574
0.566
0.292
0.506
0.504
0.57
0.322
0.296
0.368
0.482
0.764
0.732
0.396
0.732
0.358
0.644
0.396
0.222
0.536
0.314
0.394
0.392
0.552
0.366
0.506
0.556
0.372
0.36
0.884
0.194
0.52
0.198
0.61
0.538
0.352
0.696
0.618
0.206
0.56
0.732
0.334
0.648
0.428
0.556
0.356
0.514
0.318
0.334
0.396
0.512
0.744
0.684
0.414
0.456
0.41
0.522
0.596
0.762
0.344
0.442
0.454
0.574
0.588
0.428
0.69
0.592
0.75
0.814
0.368
0.458
0.612
0.592
0.378
0.314
0.726
0.308
0.346
0.422
0.486
0.584
0.56
0.488
0.188
0.522
0.72
0.424
0.55
0.278
0.872
0.818
0.548
0.424
0.64
0.702
0.202
0.562
0.538
0.406
0.698
0.528
0.242
0.534
0.364
0.38
0.352
0.45
0.338
0.73
0.548
0.584
0.324
0.494
0.562
0.35
0.416
0.478
0.34
0.892
0.232
0.506
0.266
0.63
0.398
0.368
0.584
0.554
0.486
0.598
0.486
0.688
0.19
0.604
0.508
0.436
0.532
0.326
0.592
0.55
0.356
0.308
0.654
0.426
0.23
0.706
0.184
0.588
0.606
0.386
0.762
0.506
0.388
0.7
0.412
0.542
0.6
0.55
0.356
0.626
0.246
0.384
0.508
0.584
0.572
0.512
0.596
0.39
0.644
0.412
0.474
0.564
0.602
0.34
0.338
0.43
0.534
0.558
0.548
0.474
0.402
0.646
0.388
0.328
0.366
0.42
0.524
0.352
0.486
0.706
0.538
0.4
0.65
0.386
0.92
0.188
0.538
0.274
0.466
0.516
0.466
0.306
0.58
0.352
0.646
0.358
0.866
0.196
0.49
0.24
0.604
0.574
0.386
0.686
0.72
0.31
0.582
0.322
0.342
0.412
0.904
0.212
0.544
0.212
0.692
0.392
0.866
0.178
0.51
0.226
0.636
0.37
0.558
0.742
0.406
0.49
0.556
0.488
0.19
0.474
0.164
0.438
0.73
0.578
0.552
0.464
0.74
0.326
0.888
0.214
0.606
0.566
0.452
0.308
0.422
0.382
0.608
0.57
0.486
0.626
0.454
0.304
0.276
0.438
0.478
0.742
0.764
0.362
0.438
0.402
0.54
0.534
0.32
0.51
0.76
0.348
0.288
0.384
0.528
0.764
0.726
0.4
0.324
0.264
0.396
0.512
0.762
0.724
0.376
0.34
0.334
0.4
0.5
0.772
0.646
0.432
0.288
0.28
0.324
0.474
0.754
0.762
0.384
0.634
0.402
0.206
0.41
0.386
0.37
0.47
0.432
0.64
0.576
0.492
0.326
0.574
0.466
0.366
0.348
0.546
0.768
0.582
0.37
0.544
0.608
0.36
0.686
0.434
0.378
0.494
0.588
0.456
0.426
0.614
0.39
0.894
0.232
0.552
0.21
0.684
0.748
0.302
0.59
0.338
0.316
0.336
0.504
0.782
0.542
0.466
0.33
0.574
0.362
0.358
0.388
0.38
0.504
0.562
0.646
0.438
0.232
0.706
0.218
0.608
0.208
0.436
0.62
0.528
0.512
0.476
0.746
0.264
0.394
0.41
0.5
0.604
0.748
0.79
0.348
0.4
0.648
0.612
0.38
0.286
0.428
0.546
0.308
0.574
0.482
0.318
0.422
0.382
0.572
0.568
0.2
0.616
0.474
0.488
0.56
0.598
0.386
0.654
0.408
0.542
0.328
0.77
0.28
0.564
0.386
0.668
0.282
0.556
0.862
0.676
0.382
0.226
0.312
0.282
0.382
0.522
0.772
0.77
0.41
0.538
0.482
0.402
0.662
0.332
0.254
0.572
0.376
0.68
0.466
0.556
0.33
0.608
0.354
0.38
0.72
0.182
0.6
0.348
0.504
0.768
0.394
0.346
0.526
0.426
0.382
0.524
0.54
0.46
0.48
0.61
0.324
0.304
0.39
0.496
0.736
0.718
0.434
0.2
0.474
0.654
0.502
0.556
0.516
0.614
0.392
0.27
0.39
0.544
0.328
0.538
0.486
0.328
0.368
0.402
0.512
0.542
0.476
0.372
0.482
0.462
0.534
0.452
0.476
0.624
0.348
0.292
0.394
0.508
0.776
0.68
0.34
0.588
0.562
0.316
0.456
0.5
0.53
0.474
0.32
0.488
0.336
0.368
0.47
0.132
0.728
0.522
0.192
0.504
0.538
0.464
0.318
0.414
0.532
0.35
0.558
0.308
0.504
0.348
0.3
0.368
0.53
0.76
0.716
0.424
0.572
0.406
0.624
0.622
0.558
0.394
0.468
0.454
0.64
0.576
0.594
0.228
0.594
0.668
0.49
0.218
0.434
0.492
0.538
0.494
0.15
0.436
0.358
0.344
0.374
0.49
0.754
0.686
0.394
0.378
0.358
0.378
0.436
0.41
0.73
0.43
0.502
0.562
0.44
0.468
0.55
0.364
0.514
0.734
0.338
0.856
0.216
0.488
0.222
0.646
0.37
0.302
0.384
0.428
0.536
0.334
0.424
0.42
0.73
0.54
0.358
0.634
0.568
0.35
0.34
0.588
0.458
0.314
0.53
0.226
0.614
0.464
0.494
0.634
0.384
0.876
0.2
0.504
0.23
0.612
0.352
0.43
0.544
0.218
0.412
0.666
0.634
0.576
0.518
0.702
0.216
0.582
0.712
0.208
0.564
0.526
0.444
0.374
0.386
0.91
0.196
0.536
0.206
0.658
0.752
0.278
0.29
0.556
0.894
0.564
0.298
0.646
0.526
0.354
0.708
0.724
0.2
0.55
0.56
0.45
0.616
0.578
0.422
0.562
0.438
0.418
0.508
0.516
0.58
0.39
0.66
0.702
0.176
0.594
0.652
0.428
0.234
0.596
0.208
0.598
0.748
0.334
0.566
0.414
0.56
0.49
0.458
0.648
0.696
0.488
0.242
0.65
0.3
0.388
0.584
0.206
0.608
0.508
0.434
0.314
0.742
0.208
0.564
0.344
0.908
0.22
0.53
0.234
0.508
0.38
0.316
0.422
0.462
0.746
0.7
0.396
0.602
0.22
0.614
0.438
0.514
0.584
0.746
0.656
0.364
0.59
0.754
0.316
0.57
0.328
0.432
0.628
0.3
0.5
0.76
0.286
0.6
0.304
0.322
0.564
0.268
0.26
0.748
0.344
0.754
0.382
0.532
0.274
0.352
0.56
0.32
0.652
0.404
0.438
0.532
0.43
0.492
0.376
0.586
0.602
0.576
0.462
0.322
0.584
0.408
0.238
0.586
0.31
0.294
0.304
0.262
0.346
0.5
0.752
0.758
0.422
0.336
0.454
0.486
0.786
0.362
0.388
0.462
0.544
0.656
0.198
0.61
0.564
0.296
0.594
0.322
0.55
0.334
0.762
0.378
0.544
0.29
0.356
0.704
0.33
0.746
0.33
0.732
0.452
0.566
0.328
0.568
0.568
0.27
0.284
0.736
0.204
0.63
0.778
0.354
0.744
0.33
0.546
0.334
0.356
0.588
0.286
0.392
0.576
0.43
0.69
0.558
0.316
0.426
0.566
0.468
0.332
0.542
0.276
0.56
0.554
0.296
0.292
0.526
0.476
0.366
0.52
0.496
0.604
0.432
0.43
0.552
0.388
0.544
0.594
0.516
0.302
0.272
0.686
0.216
0.562
0.57
0.336
0.4
0.482
0.49
0.606
0.358
0.53
0.59
0.438
0.578
0.584
0.466
0.33
0.418
0.536
0.602
0.508
0.288
0.254
0.536
0.456
0.344
0.614
0.376
0.62
0.55
0.416
0.362
0.472
0.592
0.644
0.592
0.718
0.792
0.408
0.42
0.608
0.596
0.448
0.336
0.612
0.424
0.53
0.564
0.472
0.336
0.32
0.29
0.76
0.718
0.41
0.32
0.31
0.426
0.486
0.746
0.73
0.41
0.54
0.49
0.422
0.734
0.288
0.53
0.446
0.344
0.416
0.414
0.674
0.562
0.346
0.632
0.438
0.484
0.328
0.414
0.494
0.422
0.35
0.414
0.73
0.36
0.768
0.428
0.352
0.29
0.764
0.35
0.266
0.444
0.322
0.438
0.312
0.386
0.434
0.44
0.244
0.404
0.754
0.284
0.406
0.26
0.416
0.318
0.418
0.582
0.318
0.35
0.36
0.434
0.374
0.37
0.662
0.28
0.414
0.308
0.402
0.336
0.416
0.452
0.346
0.42
0.59
0.342
0.358
0.278
0.412
0.292
0.426
0.57
0.318
0.328
0.436
0.552
0.316
0.282
0.374
0.56
0.348
0.338
0.438
0.324
0.442
0.538
0.426
0.36
0.458
0.556
0.338
0.266
0.41
0.274
0.42
0.574
0.336
0.4
0.384
0.45
0.762
0.292
0.74
0.25
0.384
0.564
0.342
0.268
0.432
