0.0
0.096721314
0.13606557
0.17896175
0.20027323
0.21994536
0.23606557
0.2554645
0.26857924
0.28606558
0.29863387
0.3101093
0.3215847
0.3327869
0.3464481
0.35491803
0.37650272
0.38715848
0.39699453
0.41229507
0.4237705
0.4330601
0.44508198
0.4557377
0.46530056
0.47295082
0.48087433
0.49562842
0.5065574
0.5117486
0.5281421
0.53688526
0.5420765
0.54754096
0.5587432
0.5677596
0.57459015
0.5814208
0.5879781
0.6013661
0.6112022
0.6177596
0.6275956
0.63797814
0.64808744
0.65273225
0.66448087
0.6721311
0.6784153
0.68524593
0.6896175
0.6986339
0.7084699
0.7174863
0.7248634
0.7311475
0.74153006
0.7464481
0.7562842
0.76393443
0.7699454
0.77568305
0.7855191
0.79016393
0.7969945
0.80409837
0.8122951
0.820765
0.8278689
0.83579236
0.8420765
0.8489071
0.85546446
0.86092895
0.8661202
0.8729508
0.8775956
0.88278687
0.8920765
0.8986339
0.90273225
0.90874314
0.9147541
0.9213115
0.9322404
0.9385246
0.9437159
0.9486339
0.954918
0.9612022
0.96502733
0.9704918
0.97513664
0.9795082
0.9827869
0.9882514
0.9942623
0.99590164
0.9972678
0.9991803
1.0
