0.474
0.752
0.902
0.578
0.604
0.564
0.446
0.758
0.334
0.322
0.882
0.51
0.778
0.74
0.528
0.178
0.514
0.88
0.716
0.422
0.818
0.878
0.798
0.862
0.772
0.634
0.804
0.872
0.426
0.674
0.896
0.646
0.834
0.682
0.358
0.504
0.454
0.642
0.74
0.866
0.492
0.49
0.6
0.244
0.44
0.592
0.368
0.59
0.486
0.46
0.534
0.534
0.51
0.608
0.634
0.354
0.332
0.254
0.368
0.52
0.896
0.458
0.602
0.856
0.676
0.288
0.146
0.64
0.54
0.668
0.784
0.652
0.826
0.716
0.492
0.422
0.604
0.264
0.616
0.456
0.342
0.31
0.708
0.586
0.716
0.81
0.456
0.404
0.368
0.982
0.886
0.894
0.936
0.722
0.806
0.9
0.8
0.752
0.818
0.734
0.498
0.808
0.392
0.526
0.922
0.474
0.808
0.906
0.666
0.638
0.716
0.19
0.476
0.448
0.55
0.53
0.628
0.632
0.67
0.838
0.418
0.63
0.886
0.688
0.65
0.714
0.458
0.762
0.888
0.472
0.776
0.38
0.608
0.914
0.774
0.58
0.186
0.56
0.898
0.714
0.974
0.766
0.82
0.882
0.096
0.236
0.83
0.158
0.746
0.816
0.76
0.474
0.562
0.574
0.578
0.562
0.692
0.658
0.472
0.746
0.574
0.822
0.674
0.678
0.776
0.862
0.302
0.868
0.746
0.346
0.22
0.188
0.046
0.176
0.936
0.202
0.952
0.724
0.484
0.218
0.52
0.934
0.756
0.672
0.85
0.72
0.526
0.842
0.642
0.432
0.662
0.898
0.652
0.862
0.758
0.758
0.414
0.196
0.536
0.928
0.742
0.396
0.434
0.458
0.71
0.498
0.196
0.546
0.958
0.728
0.62
0.872
0.678
0.6
0.858
0.694
0.364
0.488
0.492
0.258
0.886
0.676
0.248
0.152
0.398
0.426
0.63
0.534
0.352
0.87
0.738
0.28
0.206
0.54
0.38
0.628
0.468
0.278
0.198
0.438
0.362
0.586
0.456
0.506
0.798
0.728
0.666
0.468
0.466
0.686
0.748
0.69
0.414
0.512
0.482
0.532
0.654
0.766
0.41
0.518
0.61
0.64
0.764
0.616
0.822
0.486
0.494
0.63
0.632
0.856
0.73
0.354
0.948
0.9
0.6
0.936
0.598
0.41
0.498
0.876
0.654
0.57
0.552
0.77
0.664
0.866
0.654
0.862
0.674
0.666
0.852
0.726
0.486
0.79
0.976
0.694
0.774
0.824
0.802
0.814
0.894
0.796
0.604
0.606
0.514
0.8
0.548
0.676
0.498
0.484
0.764
0.5
0.496
0.504
0.058
0.21
0.882
0.364
0.92
0.518
0.514
0.568
0.372
0.5
0.938
0.144
0.96
0.982
0.926
0.954
0.468
0.568
0.856
0.512
0.76
0.816
0.754
0.892
0.234
0.692
0.208
0.308
0.778
0.106
0.9
0.896
0.966
0.696
0.428
0.36
0.456
0.462
0.71
0.75
0.808
0.824
0.852
0.966
0.16
0.974
0.824
0.746
0.916
0.206
0.308
0.78
0.138
0.896
0.898
0.952
0.664
0.44
0.734
0.436
0.58
0.882
0.866
0.912
0.354
0.55
0.524
0.306
0.728
0.574
0.404
0.672
0.904
0.514
0.482
0.65
0.368
0.398
0.636
0.502
0.784
0.442
0.742
0.902
0.704
0.852
0.73
0.248
0.178
0.48
0.402
0.592
0.492
0.49
0.546
0.35
0.354
0.718
0.96
0.614
0.718
0.784
0.746
0.79
0.892
0.798
0.682
0.764
0.664
0.628
0.676
0.744
0.858
0.848
0.926
0.186
0.972
0.47
0.494
0.642
0.282
0.208
0.372
0.38
0.574
0.478
0.868
0.862
0.89
0.496
0.522
0.452
0.724
0.436
0.92
0.498
0.9
0.696
0.646
0.79
0.86
0.284
0.41
0.304
0.5
0.454
0.538
0.07
0.21
0.92
0.272
0.944
0.496
0.77
0.356
0.476
0.556
0.572
0.818
0.692
0.86
0.346
0.39
0.696
0.82
0.792
0.922
0.206
0.3
0.792
0.11
0.908
0.916
0.966
0.674
0.532
0.71
0.77
0.612
0.364
0.774
0.662
0.83
0.688
0.366
0.872
0.764
0.876
0.79
0.872
0.304
0.486
0.514
0.592
0.614
0.556
0.574
0.352
0.504
0.466
0.638
0.58
0.476
0.508
0.152
0.368
0.398
0.744
0.704
0.894
0.736
0.494
0.352
0.576
0.964
0.736
0.5
0.752
0.584
0.472
0.62
0.52
0.314
0.38
0.424
0.612
0.854
0.704
0.718
0.73
0.876
0.584
0.564
0.598
0.83
0.866
0.324
0.942
0.748
0.514
0.2
0.576
0.956
0.742
0.71
0.446
0.202
0.478
0.854
0.748
0.584
0.732
0.844
0.48
0.494
0.514
0.85
0.83
0.872
0.344
0.49
0.406
0.646
0.436
0.944
0.566
0.948
0.698
0.502
0.45
0.62
0.266
0.406
0.724
0.398
0.612
0.498
0.738
0.718
0.888
0.192
0.294
0.838
0.106
0.896
0.862
0.952
0.678
0.496
0.512
0.608
0.992
0.572
0.676
0.91
0.12
0.23
0.836
0.122
0.796
0.842
0.814
0.656
0.788
0.892
0.508
0.442
0.624
0.512
0.488
0.612
0.612
0.84
0.694
0.77
0.644
0.554
0.544
0.262
0.294
0.352
0.632
0.862
0.704
0.454
0.608
0.786
0.662
0.584
0.704
0.706
0.426
0.708
0.458
0.864
0.706
0.506
0.456
0.494
0.652
0.676
0.944
0.196
0.946
0.408
0.684
0.874
0.69
0.47
0.208
0.534
0.966
0.658
0.666
0.854
0.722
0.64
0.858
0.672
0.324
0.51
0.504
0.512
0.666
0.632
0.75
0.852
0.83
0.878
0.322
0.526
0.502
0.476
0.586
0.582
0.756
0.478
0.172
0.464
0.838
0.696
0.674
0.75
0.856
0.864
0.868
0.92
0.156
0.938
0.79
0.824
0.888
0.324
0.458
0.572
0.984
0.734
0.76
0.958
0.77
0.804
0.91
0.814
0.724
0.78
0.734
0.532
0.574
0.656
0.406
0.58
0.89
0.524
0.868
0.644
0.81
0.848
0.878
0.534
0.552
0.43
0.658
0.366
0.95
0.534
0.95
0.696
0.264
0.408
0.438
0.43
0.716
0.56
0.73
0.802
0.492
0.166
0.544
0.94
0.698
0.67
0.736
0.876
0.454
0.426
0.446
0.412
0.574
0.902
0.446
0.548
0.576
0.624
0.036
0.192
0.908
0.212
0.942
0.56
0.732
0.604
0.658
0.346
0.836
0.61
0.572
0.584
0.584
0.5
0.474
0.54
0.674
0.834
0.722
0.768
0.418
0.58
0.484
0.498
0.614
0.61
0.458
0.566
0.502
0.33
0.412
0.432
0.214
0.878
0.616
0.662
0.886
0.7
0.662
0.84
0.722
0.628
0.404
0.174
0.546
0.956
0.734
0.46
0.584
0.662
0.864
0.758
0.654
0.862
0.706
0.642
0.374
0.602
0.666
0.414
0.596
0.678
0.778
0.876
0.638
0.886
0.71
0.43
0.528
0.544
0.546
0.488
0.634
0.592
0.438
0.534
0.53
0.532
0.288
0.474
0.434
0.74
0.474
0.138
0.52
0.938
0.72
0.652
0.862
0.702
0.272
0.28
0.272
0.392
0.536
0.444
0.642
0.84
0.66
0.318
0.206
0.198
0.35
0.444
0.91
0.336
0.918
0.294
0.44
0.534
0.38
0.588
0.492
0.692
0.534
0.824
0.174
0.304
0.802
0.112
0.884
0.846
0.946
0.656
0.462
0.714
0.902
0.492
0.786
0.49
0.78
0.444
0.752
0.906
0.432
0.792
0.896
0.514
0.544
0.648
0.484
0.778
0.504
0.776
0.496
0.472
0.762
0.556
0.848
0.656
0.786
0.862
0.89
0.394
0.468
0.514
0.28
0.83
0.706
0.442
0.662
0.9
0.566
0.852
0.642
0.578
0.562
0.502
0.464
0.406
0.562
0.546
0.466
0.622
0.906
0.71
0.604
0.67
0.786
0.468
0.632
0.594
0.49
0.828
0.682
0.106
0.936
0.9
0.588
0.966
0.558
0.34
0.338
0.956
0.65
0.712
0.778
0.106
0.224
0.834
0.126
0.652
0.636
0.594
0.466
0.552
0.54
0.976
0.616
0.734
0.834
0.106
0.266
0.836
0.116
0.794
0.866
0.808
0.684
0.574
0.794
0.494
0.31
0.402
0.406
0.584
0.842
0.66
0.596
0.464
0.616
0.47
0.358
0.374
0.442
0.484
0.478
0.594
0.508
0.484
0.616
0.334
0.394
0.766
0.442
0.612
0.518
0.464
0.734
0.466
0.738
0.98
0.828
0.888
0.916
0.098
0.236
0.814
0.11
0.702
0.752
0.674
0.898
0.686
0.544
0.534
0.618
0.504
0.6
0.802
0.546
0.184
0.504
0.88
0.72
0.346
0.488
0.506
0.652
0.858
0.73
0.642
0.558
0.69
0.646
0.28
0.322
0.386
0.682
0.768
0.874
0.47
0.76
0.478
0.772
0.986
0.878
0.902
0.91
0.724
0.802
0.91
0.79
0.748
0.818
0.782
0.398
0.556
0.546
0.422
0.412
0.058
0.218
0.932
0.22
0.946
0.696
0.438
0.938
0.592
0.966
0.73
0.524
0.494
0.616
0.44
0.81
0.886
0.496
0.612
0.756
0.464
0.774
0.2
0.334
0.822
0.146
0.884
0.82
0.902
0.642
0.394
0.482
0.562
0.604
0.828
0.646
0.884
0.536
0.722
0.752
0.538
0.308
0.716
0.5
0.76
0.384
0.542
0.446
0.324
0.404
0.69
0.54
0.73
0.828
0.584
0.356
0.492
0.664
0.866
0.744
0.756
0.54
0.176
0.486
0.91
0.718
0.378
0.57
0.896
0.56
0.272
0.208
0.47
0.448
0.48
0.058
0.186
0.928
0.168
0.952
0.906
0.734
0.908
0.208
0.358
0.81
0.108
0.932
0.878
0.946
0.632
0.654
0.782
0.876
0.624
0.832
0.682
0.82
0.62
0.776
0.516
0.568
0.51
0.532
0.258
0.452
0.42
0.282
0.116
0.106
0.054
0.228
0.89
0.334
0.92
0.496
0.482
0.632
0.59
0.554
0.636
0.85
0.844
0.896
0.294
0.954
0.518
0.508
0.6
0.87
0.838
0.88
0.366
0.526
0.558
0.644
0.726
0.87
0.612
0.57
0.342
0.964
0.606
0.682
0.798
0.086
0.228
0.842
0.1
0.802
0.872
0.8
0.552
0.716
0.832
0.436
0.536
0.53
0.636
0.818
0.706
0.672
0.674
0.882
0.36
0.522
0.772
0.61
0.756
0.852
0.732
0.64
0.514
0.524
0.504
0.578
0.592
0.778
0.858
0.862
0.53
0.398
0.542
0.698
0.794
0.864
0.664
0.808
0.876
0.63
0.682
0.816
0.852
0.83
0.85
0.458
0.524
0.536
0.356
0.368
0.676
0.7
0.754
0.862
0.318
0.21
0.206
0.05
0.194
0.93
0.226
0.966
0.988
0.624
0.684
0.908
0.722
0.808
0.898
0.786
0.828
0.882
0.836
0.936
0.958
0.994
0.898
0.864
0.858
0.834
0.442
0.598
0.548
0.958
0.924
0.684
0.808
0.96
0.872
0.482
0.916
0.606
0.704
0.874
0.65
0.854
0.668
0.236
0.098
0.082
0.056
0.216
0.94
0.196
0.95
0.278
0.826
0.732
0.296
0.414
0.696
0.444
0.654
0.516
0.458
0.592
0.704
0.598
0.576
0.592
0.408
0.574
0.498
0.688
0.81
0.992
0.868
0.888
0.864
0.942
0.65
0.458
0.386
0.468
0.39
0.55
0.88
0.51
0.532
0.776
0.406
0.546
0.884
0.53
0.544
0.48
0.466
0.706
0.732
0.716
0.482
0.732
0.702
0.49
0.95
0.54
0.932
0.704
0.656
0.584
0.542
0.562
0.25
0.484
0.476
0.546
0.724
0.84
0.482
0.5
0.418
0.67
0.772
0.856
0.654
0.796
0.886
0.484
0.35
0.416
0.484
0.444
0.666
0.438
0.58
0.61
0.664
0.622
0.654
0.91
0.208
0.96
0.716
0.836
0.492
0.474
0.402
0.55
0.386
0.456
0.788
0.664
0.83
0.866
0.85
0.876
0.324
0.48
0.57
0.556
0.576
0.692
0.984
0.758
0.806
0.928
0.78
0.794
0.87
0.792
0.81
0.856
0.824
0.934
0.39
0.75
0.194
0.322
0.826
0.104
0.894
0.882
0.958
0.662
0.976
0.718
0.81
0.848
0.806
0.758
0.914
0.774
0.802
0.842
0.836
0.472
0.494
0.594
0.63
0.348
0.336
0.422
0.754
0.412
0.404
0.564
0.972
0.748
0.38
0.434
0.7
0.414
0.798
0.876
0.548
0.858
0.614
0.416
0.752
0.894
0.582
0.758
0.698
0.35
0.188
0.582
0.586
0.582
0.814
0.914
0.788
0.926
0.744
0.806
0.984
0.896
0.882
0.856
0.95
0.678
0.592
0.704
0.856
0.42
0.452
0.286
0.34
0.416
0.718
0.626
0.762
0.88
0.586
0.714
0.844
0.458
0.492
0.252
0.752
0.798
0.94
0.708
0.81
0.992
0.886
0.844
0.77
0.846
0.608
0.75
0.876
0.634
0.508
0.928
0.88
0.67
0.99
0.588
0.488
0.536
0.67
0.788
0.848
0.284
0.6
0.214
0.834
0.846
0.89
0.434
0.502
0.488
0.55
0.706
0.724
0.536
0.324
0.568
0.456
0.788
0.91
0.808
0.57
0.73
0.658
0.844
0.702
0.682
0.762
0.88
0.386
0.358
0.708
0.61
0.584
0.27
0.662
0.818
0.88
0.434
0.606
0.564
0.812
0.644
0.47
0.766
0.658
0.846
0.71
0.424
0.748
0.86
0.98
0.858
0.918
0.92
0.782
0.784
0.894
0.782
0.718
0.766
0.696
0.428
0.72
0.872
0.69
0.778
0.872
0.446
0.716
0.9
0.482
0.446
0.79
0.618
0.23
0.5
0.53
0.764
0.576
0.716
0.746
0.568
0.216
0.444
0.644
0.604
0.756
0.484
0.858
0.818
0.478
0.28
0.324
0.45
0.612
0.278
0.316
0.52
0.488
0.768
0.714
0.794
0.87
0.826
0.858
0.398
0.464
0.544
0.44
0.348
0.37
0.474
0.358
0.352
0.458
0.646
0.778
0.866
0.89
0.838
0.87
0.484
0.504
0.494
0.692
0.84
0.672
0.43
0.922
0.904
0.686
0.99
0.6
0.454
0.448
0.61
0.822
0.672
0.746
0.83
0.806
0.516
0.722
0.736
0.408
0.738
0.708
0.81
0.978
0.848
0.89
0.868
0.934
0.642
0.478
0.45
0.476
0.504
0.624
0.628
0.82
0.656
0.688
0.816
0.864
0.838
0.856
0.536
0.39
0.586
0.798
0.488
0.67
0.854
0.442
0.782
0.442
0.606
0.906
0.524
0.888
0.826
0.956
0.64
0.634
0.702
0.842
0.462
0.51
0.384
0.694
0.42
0.81
0.53
0.942
0.69
0.446
0.788
0.886
0.814
0.846
0.894
0.442
0.462
0.524
0.588
0.686
0.858
0.454
0.468
0.188
0.878
0.82
0.882
0.32
0.422
0.556
0.594
0.578
0.608
0.648
0.304
0.492
0.454
0.654
0.84
0.702
0.48
0.82
0.904
0.656
0.774
0.874
0.358
0.28
0.712
0.494
0.78
0.734
0.636
0.894
0.38
0.328
0.73
0.572
0.588
0.622
0.63
0.674
0.93
0.178
0.946
0.354
0.47
0.52
0.562
0.666
0.604
0.746
0.24
0.204
0.602
0.46
0.794
0.91
0.598
0.684
0.764
0.832
0.878
0.924
0.196
0.968
0.312
0.87
0.762
0.736
0.794
0.428
0.496
0.824
0.722
0.904
0.724
0.82
0.994
0.87
0.858
0.814
0.882
0.618
0.596
0.66
0.724
0.87
0.862
0.938
0.182
0.966
0.714
0.718
0.882
0.436
0.678
0.442
0.736
0.868
0.432
0.71
0.896
0.462
0.792
0.896
0.438
0.808
0.898
0.666
0.312
0.936
0.504
0.882
0.7
0.306
0.416
0.742
0.402
0.638
0.506
0.7
0.862
0.712
0.492
0.802
0.626
0.826
0.704
0.392
0.308
0.468
0.478
0.614
0.862
0.666
0.264
0.18
0.718
0.41
0.692
0.892
0.482
0.758
0.504
0.772
0.462
0.73
0.592
0.51
0.686
0.354
0.512
0.896
0.48
0.458
0.566
0.786
0.864
0.362
0.24
0.29
0.064
0.188
0.928
0.242
0.956
0.294
0.346
0.378
0.592
0.506
0.694
0.62
0.45
0.474
0.114
0.382
0.348
0.788
0.654
0.854
0.704
0.814
0.994
0.874
0.9
0.856
0.956
0.632
0.356
0.476
0.436
0.48
0.554
0.542
0.652
0.388
0.35
0.36
0.058
0.184
0.924
0.242
0.952
0.456
0.788
0.892
0.77
0.848
0.796
0.98
0.852
0.88
0.902
0.768
0.806
0.9
0.806
0.784
0.812
0.748
0.64
0.75
0.876
0.286
0.164
0.624
0.8
0.752
0.932
0.72
0.8
0.982
0.9
0.908
0.842
0.9
0.616
0.67
0.772
0.872
0.614
0.76
0.866
0.39
0.568
0.778
0.852
0.86
0.874
0.352
0.434
0.59
0.862
0.824
0.87
0.592
0.514
0.526
0.85
0.836
0.94
0.206
0.938
0.592
0.606
0.556
0.642
0.224
0.654
0.278
0.368
0.856
0.228
0.916
0.866
0.936
0.654
0.386
0.304
0.41
0.476
0.586
0.562
0.648
0.684
0.348
0.552
0.502
0.698
0.832
0.904
0.846
0.84
0.89
0.324
0.91
0.342
0.472
0.452
0.046
0.312
0.888
0.056
0.898
0.902
0.894
0.194
0.428
0.582
0.968
0.804
0.864
0.812
0.776
0.81
0.88
0.786
0.836
0.902
0.846
0.694
0.588
0.86
0.528
0.322
0.368
0.46
0.662
0.764
0.86
0.878
0.666
0.62
0.614
0.366
0.352
0.402
0.678
0.734
0.886
0.778
0.61
0.588
0.602
0.558
0.5
0.634
0.87
0.582
0.798
0.214
0.316
0.82
0.132
0.922
0.844
0.958
0.662
0.442
0.582
0.532
0.794
0.874
0.83
0.874
0.278
0.458
0.44
0.938
0.748
0.932
0.702
0.832
0.978
0.908
0.83
0.714
0.818
0.574
0.702
0.764
0.888
0.624
0.742
0.896
0.468
0.758
0.308
0.338
0.73
0.26
0.41
0.31
0.88
0.806
0.898
0.724
0.814
0.992
0.906
0.854
0.766
0.87
0.67
0.986
0.786
0.85
0.94
0.766
0.786
0.932
0.8
0.79
0.876
0.816
0.492
0.386
0.448
0.412
0.49
0.88
0.474
0.538
0.774
0.676
0.44
0.88
0.542
0.91
0.676
0.854
0.752
0.954
0.422
0.504
0.866
0.44
0.89
0.888
0.954
0.658
0.852
0.806
0.942
0.544
0.638
0.956
0.64
0.884
0.854
0.912
0.642
0.368
0.464
0.386
0.428
0.76
0.912
0.55
0.55
0.65
0.728
0.666
0.528
0.546
0.518
0.656
0.608
0.582
0.602
0.816
0.414
0.298
0.322
0.046
0.23
0.936
0.212
0.948
0.756
0.694
0.5
0.484
0.114
0.34
0.358
0.638
0.616
0.642
0.762
0.684
0.738
0.704
0.498
0.788
0.648
0.826
0.72
0.432
0.794
0.88
0.494
0.476
0.596
0.312
0.436
0.7
0.466
0.526
0.602
0.686
0.432
0.592
0.566
0.688
0.802
0.894
0.266
0.852
0.668
0.602
0.58
0.53
0.568
0.644
0.576
0.708
0.476
0.432
0.462
0.824
0.848
0.938
0.188
0.952
0.342
0.638
0.562
0.652
0.718
0.776
0.35
0.482
0.912
0.278
0.928
0.762
0.9
0.692
0.794
0.882
0.838
0.678
0.976
0.632
0.688
0.84
0.748
0.786
0.902
0.802
0.644
0.714
0.582
0.692
0.776
0.888
0.656
0.792
0.882
0.614
0.88
0.688
0.328
0.322
0.882
0.688
0.356
0.922
0.554
0.942
0.72
0.908
0.962
0.994
0.912
0.86
0.91
0.894
0.294
0.526
0.546
0.988
0.65
0.718
0.922
0.644
0.662
0.89
0.648
0.788
0.826
0.808
0.73
0.6
0.508
0.562
0.568
0.54
0.714
0.312
0.41
0.844
0.4
0.624
0.568
0.382
0.468
0.372
0.378
0.368
0.43
0.484
0.636
0.838
0.642
0.42
0.664
0.88
0.502
0.648
0.8
0.68
0.74
0.874
0.54
0.73
0.75
0.466
0.338
0.584
0.586
0.518
0.602
0.516
0.3
0.436
0.414
0.67
0.766
0.856
0.64
0.784
0.858
0.494
0.374
0.36
0.382
0.544
0.9
0.476
0.518
0.71
0.81
0.464
0.51
0.394
0.806
0.876
0.842
0.444
0.726
0.892
0.328
0.38
0.72
0.822
0.304
0.726
0.716
0.792
0.982
0.902
0.898
0.864
0.938
0.68
0.276
0.104
0.102
0.042
0.194
0.932
0.186
0.956
0.316
0.268
0.688
0.746
0.744
0.9
0.708
0.812
0.986
0.868
0.89
0.878
0.964
0.69
0.878
0.574
0.816
0.688
0.81
0.986
0.926
0.9
0.864
0.962
0.664
0.256
0.5
0.534
0.59
0.474
0.442
0.528
0.458
0.49
0.624
0.628
0.242
0.476
0.456
0.054
0.228
0.938
0.186
0.956
0.902
0.752
0.758
0.494
0.778
0.428
0.446
0.744
0.522
0.798
0.474
0.746
0.8
0.758
0.92
0.218
0.356
0.824
0.202
0.904
0.892
0.956
0.708
0.886
0.84
0.902
0.474
0.492
0.472
0.426
0.662
0.876
0.302
0.448
0.452
0.466
0.286
0.324
0.35
0.514
0.448
0.6
0.88
0.822
0.87
0.378
0.458
0.44
0.348
0.55
0.436
0.6
0.588
0.484
0.518
0.666
0.796
0.892
0.626
0.848
0.7
0.252
0.408
0.354
0.488
0.632
0.68
0.826
0.71
0.554
0.538
0.57
0.866
0.858
0.906
0.332
0.93
0.818
0.73
0.878
0.698
0.816
0.99
0.89
0.888
0.868
0.97
0.656
0.932
0.786
0.932
0.712
0.808
0.99
0.904
0.88
0.854
0.926
0.656
0.632
0.6
0.534
0.552
0.468
0.596
0.586
0.92
0.952
0.998
0.902
0.842
0.88
0.75
0.31
0.486
0.612
0.472
0.194
0.19
0.546
0.688
0.876
0.494
0.496
0.316
0.862
0.842
0.896
0.366
0.478
0.4
0.672
0.796
0.876
0.378
0.488
0.884
0.314
0.664
0.662
0.378
0.324
0.332
0.474
0.85
0.824
0.85
0.612
0.46
0.446
0.606
0.572
0.496
0.476
0.584
0.688
0.674
0.46
0.568
0.548
0.544
0.53
0.796
0.854
0.666
0.884
0.206
0.316
0.842
0.096
0.904
0.872
0.936
0.686
0.7
0.752
0.874
0.244
0.472
0.46
0.492
0.314
0.354
0.342
0.972
0.61
0.732
0.862
0.748
0.788
0.904
0.808
0.754
0.834
0.774
0.99
0.724
0.804
0.942
0.738
0.802
0.892
0.782
0.762
0.834
0.742
0.906
0.844
0.866
0.482
0.532
0.556
0.44
0.682
0.896
0.362
0.39
0.67
0.864
0.824
0.892
0.288
0.484
0.5
0.856
0.804
0.852
0.392
0.59
0.64
0.508
0.854
0.818
0.418
0.446
0.424
0.462
0.78
0.71
0.85
0.744
0.478
0.946
0.892
0.612
0.966
0.57
0.496
0.558
0.568
0.698
0.83
0.478
0.534
0.546
0.61
0.678
0.832
0.426
0.468
0.768
0.62
0.828
0.714
0.368
0.62
0.734
0.746
0.746
0.922
0.388
0.476
0.878
0.4
0.898
0.868
0.94
0.676
0.534
0.636
0.778
0.878
0.784
0.918
0.188
0.292
0.81
0.118
0.904
0.868
0.964
0.71
0.484
0.756
0.666
0.834
0.71
0.97
0.472
0.588
0.886
0.766
0.774
0.896
0.838
0.812
0.89
0.83
0.95
0.922
0.74
0.79
0.934
0.854
0.46
0.922
0.68
0.72
0.928
0.8
0.892
0.816
0.596
0.948
0.91
0.674
0.998
0.636
0.628
0.726
0.394
0.384
0.714
0.578
0.6
0.51
0.576
0.338
0.806
0.926
0.906
0.762
0.804
0.954
0.906
0.63
0.98
0.64
0.766
0.91
0.718
0.668
0.846
0.536
0.554
0.456
0.5
0.684
0.578
0.73
0.854
0.778
0.93
0.468
0.574
0.898
0.486
0.91
0.878
0.96
0.678
0.458
0.788
0.906
0.706
0.842
0.996
0.886
0.908
0.872
0.954
0.652
0.988
0.888
0.924
0.952
0.106
0.264
0.856
0.106
0.812
0.9
0.854
0.03
0.306
0.894
0.062
0.914
0.904
0.902
0.336
0.574
0.554
0.696
0.752
0.862
0.332
0.398
0.654
0.82
0.838
0.854
0.368
0.466
0.488
0.36
0.44
0.84
0.438
0.61
0.538
0.886
0.74
0.904
0.702
0.81
0.978
0.876
0.918
0.88
0.952
0.656
0.406
0.336
0.276
0.438
0.546
0.906
0.516
0.242
0.072
0.086
0.066
0.208
0.92
0.266
0.936
0.782
0.8
0.924
0.182
0.28
0.794
0.13
0.844
0.796
0.862
0.612
0.598
0.83
0.608
0.83
0.334
0.44
0.824
0.258
0.884
0.818
0.91
0.644
0.5
0.844
0.81
0.39
0.238
0.35
0.274
0.422
0.634
0.66
0.786
0.868
0.862
0.844
0.862
0.426
0.494
0.516
0.908
0.936
0.994
0.88
0.9
0.924
0.95
0.272
0.528
0.6
0.652
0.844
0.686
0.862
0.756
0.918
0.67
0.738
0.962
0.784
0.876
0.864
0.942
0.642
0.358
0.338
0.238
0.392
0.582
0.91
0.474
0.836
0.816
0.872
0.472
0.508
0.55
0.582
0.602
0.56
0.566
0.222
0.45
0.412
0.7
0.766
0.87
0.632
0.684
0.79
0.62
0.592
0.78
0.516
0.332
0.43
0.418
0.47
0.788
0.874
0.462
0.374
0.386
0.42
0.432
0.734
0.492
0.664
0.692
0.824
0.858
0.85
0.87
0.466
0.482
0.47
0.988
0.702
0.768
0.918
0.104
0.248
0.816
0.106
0.772
0.866
0.804
0.876
0.918
0.758
0.706
0.934
0.912
0.612
0.978
0.628
0.682
0.758
0.706
0.502
0.516
0.406
0.766
0.708
0.43
0.534
0.646
0.654
0.58
0.494
0.6
0.598
0.564
0.422
0.486
0.542
0.528
0.624
0.662
0.744
0.858
0.548
0.726
0.792
0.568
0.216
0.568
0.716
0.404
0.836
0.574
0.96
0.702
0.258
0.424
0.392
0.374
0.482
0.384
0.37
0.626
0.318
0.292
0.16
0.142
0.366
0.436
0.924
0.262
0.944
0.78
0.294
0.72
0.16
0.308
0.776
0.114
0.9
0.842
0.934
0.624
0.59
0.616
0.438
0.458
0.674
0.78
0.868
0.468
0.508
0.548
0.59
0.82
0.71
0.882
0.624
0.796
0.872
0.732
0.714
0.866
0.652
0.766
0.908
0.716
0.814
0.894
0.06
0.196
0.932
0.248
0.95
0.968
0.51
0.582
0.824
0.13
0.216
0.83
0.11
0.798
0.874
0.832
0.462
0.76
0.902
0.478
0.578
0.496
0.476
0.788
0.558
0.722
0.8
0.444
0.492
0.492
0.834
0.836
0.88
0.366
0.548
0.546
0.962
0.736
0.754
0.802
0.094
0.242
0.866
0.124
0.692
0.736
0.656
0.74
0.612
0.436
0.492
0.47
0.412
0.49
0.98
0.466
0.594
0.892
0.698
0.728
0.906
0.742
0.726
0.796
0.734
0.99
0.896
0.922
0.924
0.746
0.79
0.924
0.766
0.778
0.854
0.772
0.304
0.454
0.614
0.646
0.288
0.312
0.406
0.482
0.532
0.486
0.822
0.842
0.872
0.592
0.52
0.56
0.722
0.726
0.888
0.686
0.74
0.872
0.762
0.488
0.806
0.686
0.802
0.978
0.866
0.906
0.858
0.968
0.69
0.614
0.854
0.7
0.736
0.81
0.88
0.792
0.858
0.93
0.276
0.922
0.6
0.694
0.86
0.472
0.456
0.274
0.69
0.788
0.864
0.472
0.442
0.454
0.064
0.196
0.888
0.25
0.952
0.796
0.534
0.824
0.198
0.334
0.8
0.112
0.91
0.896
0.946
0.68
0.052
0.232
0.948
0.172
0.964
0.722
0.724
0.854
0.508
0.832
0.818
0.452
0.432
0.156
0.054
0.332
0.92
0.048
0.914
0.878
0.928
0.344
0.524
0.564
0.536
0.552
0.42
0.476
0.654
0.774
0.866
0.246
0.282
0.468
0.38
0.618
0.516
0.268
0.844
0.652
0.708
0.606
0.592
0.584
0.32
0.38
0.388
0.498
0.61
0.794
0.868
0.792
0.932
0.732
0.816
0.988
0.894
0.892
0.83
0.93
0.65
0.2
0.264
0.514
0.41
0.616
0.524
0.894
0.824
0.882
0.52
0.51
0.482
0.658
0.72
0.878
0.914
0.782
0.894
0.7
0.806
0.984
0.878
0.846
0.786
0.9
0.628
0.348
0.204
0.192
0.056
0.21
0.94
0.146
0.97
0.674
0.678
0.56
0.58
0.686
0.698
0.7
0.72
0.756
0.848
0.876
0.866
0.87
0.514
0.54
0.582
0.684
0.788
0.89
0.662
0.752
0.892
0.578
0.784
0.564
0.408
0.244
0.622
0.368
0.418
0.694
0.394
0.33
0.256
0.386
0.53
0.882
0.506
0.714
0.774
0.794
0.51
0.53
0.494
0.492
0.688
0.752
0.714
0.334
0.414
0.71
0.476
0.582
0.658
0.86
0.662
0.558
0.68
0.762
0.612
0.74
0.788
0.476
0.448
0.49
0.402
0.588
0.918
0.496
0.38
0.376
0.24
0.39
0.546
0.904
0.48
0.356
0.428
0.69
0.484
0.428
0.464
0.06
0.206
0.924
0.262
0.938
0.408
0.564
0.5
0.52
0.228
0.408
0.462
0.8
0.782
0.91
0.48
0.608
0.912
0.546
0.908
0.894
0.972
0.628
0.738
0.846
0.916
0.88
0.872
0.904
0.34
0.928
0.866
0.296
0.692
0.192
0.278
0.81
0.104
0.892
0.872
0.95
0.634
0.486
0.6
0.548
0.56
0.598
0.594
0.276
0.298
0.36
0.704
0.726
0.876
0.7
0.75
0.874
0.664
0.796
0.88
0.458
0.57
0.474
0.574
0.462
0.638
0.66
0.778
0.856
0.292
0.43
0.842
0.4
0.616
0.488
0.768
0.876
0.762
0.542
0.93
0.876
0.51
0.91
0.614
0.602
0.662
0.372
0.626
0.442
0.578
0.626
0.82
0.434
0.816
0.926
0.836
0.842
0.876
0.33
0.394
0.6
0.712
0.814
0.78
0.658
0.784
0.894
0.42
0.572
0.328
0.358
0.63
0.8
0.864
0.868
0.462
0.384
0.462
0.518
0.87
0.818
0.432
0.326
0.444
0.506
0.452
0.54
0.4
0.5
0.872
0.484
0.364
0.476
0.5
0.524
0.456
0.422
0.522
0.662
0.582
0.514
0.506
0.712
0.586
0.76
0.718
0.674
0.874
0.302
0.162
0.672
0.296
0.17
0.174
0.048
0.22
0.932
0.134
0.94
0.984
0.868
0.916
0.874
0.104
0.228
0.846
0.12
0.75
0.84
0.742
0.952
0.94
0.628
0.84
0.922
0.886
0.61
0.952
0.634
0.652
0.782
0.562
0.73
0.708
0.59
0.276
0.398
0.422
0.828
0.898
0.67
0.798
0.874
0.364
0.478
0.528
0.532
0.558
0.544
0.686
0.914
0.768
0.918
0.706
0.792
0.976
0.902
0.902
0.868
0.966
0.648
0.718
0.806
0.852
0.848
0.838
0.934
0.218
0.942
0.866
0.842
0.902
0.45
0.562
0.464
0.726
0.826
0.782
0.458
0.538
0.568
0.564
0.338
0.456
0.596
0.584
0.71
0.764
0.816
0.248
0.68
0.74
0.79
0.99
0.904
0.896
0.89
0.96
0.686
0.974
0.6
0.69
0.864
0.734
0.838
0.916
0.786
0.78
0.864
0.842
0.668
0.682
0.828
0.59
0.85
0.716
0.812
0.538
0.804
0.708
0.848
0.986
0.896
0.902
0.872
0.958
0.676
0.634
0.83
0.662
0.956
0.85
0.916
0.786
0.72
0.826
0.91
0.762
0.794
0.866
0.838
0.578
0.564
0.568
0.516
0.556
0.642
0.674
0.36
0.39
0.672
0.31
0.654
0.552
0.878
0.856
0.854
0.536
0.476
0.52
0.778
0.852
0.86
0.426
0.532
0.526
0.454
0.506
0.57
0.688
0.652
0.632
0.672
0.858
0.736
0.87
0.272
0.672
0.324
0.396
0.838
0.328
0.868
0.862
0.936
0.704
0.462
0.51
0.462
0.448
0.568
0.03
0.326
0.892
0.052
0.87
0.866
0.858
0.384
0.576
0.596
0.892
0.9
0.822
0.746
0.956
0.898
0.664
0.988
0.65
0.712
0.832
0.326
0.178
0.742
0.346
0.526
0.486
0.278
0.416
0.318
0.37
0.468
0.442
0.438
0.406
0.384
0.448
0.624
0.5
0.696
0.488
0.324
0.366
0.464
0.748
0.644
0.502
0.452
0.566
0.708
0.63
0.45
0.322
0.288
0.368
0.566
0.914
0.494
0.168
0.43
0.43
0.492
0.678
0.598
0.742
0.496
0.356
0.368
0.366
0.552
0.914
0.514
0.226
0.478
0.492
0.5
0.484
0.454
0.546
0.49
0.544
0.544
0.586
0.332
0.504
0.506
0.424
0.406
0.272
0.98
0.598
0.682
0.92
0.112
0.24
0.834
0.138
0.654
0.722
0.656
0.764
0.872
0.934
0.87
0.878
0.918
0.264
0.952
0.458
0.458
0.492
0.88
0.762
0.748
0.832
0.868
0.878
0.444
0.526
0.582
0.686
0.768
0.858
0.544
0.564
0.762
0.766
0.86
0.902
0.438
0.522
0.858
0.856
0.876
0.52
0.528
0.458
0.684
0.77
0.87
0.454
0.622
0.486
0.78
0.52
0.27
0.504
0.93
0.71
0.656
0.862
0.58
0.614
0.794
0.532
0.85
0.842
0.382
0.388
0.478
0.646
0.892
0.524
0.62
0.494
0.492
0.598
0.558
0.29
0.88
0.714
0.356
0.604
0.592
0.354
0.384
0.67
0.476
0.6
0.342
0.352
0.662
0.406
0.54
0.782
0.832
0.858
0.422
0.456
0.552
0.858
0.832
0.878
0.456
0.446
0.352
0.554
0.672
0.848
0.426
0.506
0.442
0.63
0.688
0.804
0.86
0.76
0.906
0.194
0.298
0.822
0.136
0.8
0.748
0.816
0.614
0.986
0.88
0.912
0.924
0.118
0.24
0.846
0.106
0.646
0.698
0.618
0.438
0.674
0.916
0.426
0.618
0.436
0.898
0.722
0.442
0.196
0.498
0.93
0.706
0.978
0.88
0.91
0.88
0.722
0.786
0.892
0.83
0.776
0.878
0.804
0.982
0.782
0.85
0.874
0.79
0.834
0.914
0.778
0.844
0.89
0.866
0.662
0.536
0.688
0.374
0.554
0.896
0.502
0.844
0.862
0.884
0.454
0.426
0.408
0.05
0.172
0.922
0.224
0.93
0.466
0.796
0.89
0.524
0.8
0.7
0.768
0.89
0.888
0.828
0.878
0.584
0.438
0.522
0.47
0.736
0.906
0.854
0.848
0.88
0.586
0.534
0.56
0.682
0.76
0.874
0.88
0.856
0.902
0.484
0.49
0.488
0.662
0.788
0.852
0.66
0.796
0.882
0.868
0.804
0.858
0.416
0.5
0.572
0.858
0.858
0.868
0.278
0.454
0.524
0.72
0.726
0.866
0.7
0.772
0.866
0.634
0.758
0.884
0.666
0.8
0.86
0.694
0.752
0.89
0.7
0.808
0.868
0.858
0.862
0.886
0.5
0.52
0.546
0.836
0.818
0.876
0.494
0.43
0.522
0.782
0.852
0.858
0.31
0.55
0.526
0.96
0.692
0.758
0.852
0.752
0.822
0.9
0.794
0.83
0.894
0.84
0.694
0.77
0.874
0.738
0.644
0.628
0.622
0.218
0.436
0.424
0.178
0.434
0.6
0.614
0.79
0.694
0.86
0.47
0.402
0.424
0.41
0.508
0.7
0.482
0.422
0.354
0.272
0.402
0.536
0.876
0.48
0.562
0.562
0.604
0.856
0.854
0.932
0.178
0.964
0.698
0.278
0.458
0.872
0.816
0.858
0.466
0.476
0.502
0.876
0.85
0.896
0.378
0.522
0.61
0.764
0.842
0.88
0.494
0.504
0.572
0.682
0.764
0.86
0.334
0.402
0.676
0.894
0.864
0.864
0.556
0.422
0.524
0.652
0.806
0.876
0.886
0.868
0.876
0.496
0.456
0.486
0.72
0.738
0.882
0.66
0.708
0.848
0.862
0.87
0.85
0.318
0.472
0.592
0.67
0.818
0.88
0.734
0.66
0.894
0.288
0.32
0.432
0.386
0.572
0.448
0.62
0.644
0.802
0.576
0.686
0.86
0.8
0.438
0.628
0.802
0.844
0.866
0.374
0.474
0.47
0.766
0.434
0.702
0.472
0.88
0.716
0.61
0.644
0.618
0.504
0.286
0.702
0.68
0.26
0.656
0.696
0.818
0.99
0.894
0.902
0.868
0.92
0.658
0.64
0.428
0.938
0.532
0.962
0.676
0.408
0.706
0.908
0.688
0.786
0.94
0.532
0.682
0.936
0.642
0.902
0.856
0.968
0.656
0.426
0.546
0.486
0.514
0.332
0.348
0.398
0.468
0.436
0.466
0.52
0.344
0.39
0.462
0.87
0.838
0.856
0.586
0.494
0.42
0.684
0.302
0.516
0.974
0.88
0.916
0.948
0.744
0.806
0.914
0.768
0.802
0.862
0.82
0.472
0.402
0.436
0.322
0.408
0.892
0.334
0.932
0.738
0.63
0.494
0.47
0.244
0.45
0.438
0.428
0.368
0.408
0.052
0.206
0.942
0.184
0.956
0.542
0.562
0.554
0.77
0.476
0.582
0.69
0.814
0.798
0.396
0.386
0.356
0.64
0.44
0.182
0.554
0.962
0.718
0.458
0.53
0.594
0.694
0.84
0.442
0.472
0.21
0.802
0.618
0.582
0.646
0.83
0.702
0.892
0.594
0.672
0.524
0.46
0.266
0.716
0.714
0.736
0.72
0.794
0.98
0.902
0.484
0.468
0.754
0.786
0.858
0.85
0.564
0.736
0.84
0.456
0.358
0.364
0.672
0.86
0.756
0.57
0.546
0.794
0.498
0.444
0.616
0.662
0.746
0.942
0.728
0.81
0.988
0.886
0.88
0.896
0.958
0.652
0.52
0.698
0.752
0.532
0.204
0.594
0.512
0.49
0.598
0.434
0.738
0.694
0.562
0.814
0.452
0.35
0.402
0.398
0.616
0.846
0.674
0.984
0.852
0.89
0.884
0.792
0.788
0.914
0.774
0.816
0.908
0.844
0.332
0.51
0.414
0.428
0.428
0.424
0.54
0.456
0.688
0.898
0.306
0.67
0.556
0.79
0.3
0.474
0.678
0.774
0.848
0.674
0.746
0.778
0.274
0.672
0.656
0.438
0.798
0.894
0.728
0.834
0.44
0.44
0.712
0.678
0.898
0.56
0.754
0.57
0.624
0.382
0.846
0.464
0.582
0.268
0.844
0.702
0.436
0.366
0.396
0.724
0.744
0.918
0.204
0.958
0.858
0.752
0.916
0.2
0.32
0.846
0.176
0.88
0.83
0.88
0.64
0.438
0.53
0.77
0.722
0.688
0.896
0.526
0.528
0.8
0.614
0.84
0.704
0.784
0.696
0.89
0.716
0.798
0.992
0.914
0.87
0.814
0.9
0.63
0.784
0.64
0.464
0.522
0.496
0.42
0.536
0.768
0.6
0.832
0.704
0.792
0.99
0.916
0.922
0.898
0.954
0.712
0.972
0.562
0.664
0.848
0.794
0.806
0.908
0.816
0.814
0.876
0.822
0.562
0.6
0.684
0.442
0.65
0.974
0.706
0.78
0.904
0.112
0.228
0.822
0.112
0.754
0.822
0.766
0.7
0.458
0.804
0.194
0.298
0.784
0.102
0.898
0.84
0.926
0.642
0.254
0.178
0.61
0.96
0.882
0.904
0.834
0.756
0.792
0.932
0.746
0.69
0.782
0.708
0.894
0.908
0.766
0.75
0.954
0.9
0.628
0.982
0.592
0.696
0.846
0.274
0.176
0.656
0.612
0.624
0.452
0.468
0.318
0.624
0.568
0.354
0.394
0.706
0.82
0.37
0.502
0.562
0.26
0.418
0.702
0.31
0.52
0.494
0.492
0.74
0.656
0.742
0.852
0.85
0.838
0.87
0.322
0.608
0.408
0.534
0.568
0.604
0.652
0.506
0.482
0.574
0.706
0.622
0.514
0.58
0.82
0.712
0.862
0.87
0.2
0.678
0.202
0.294
0.818
0.104
0.88
0.814
0.914
0.626
0.336
0.408
0.662
0.462
0.79
0.876
0.672
0.762
0.88
0.712
0.816
0.394
0.498
0.652
0.752
0.802
0.582
0.646
0.786
0.574
0.702
0.742
0.53
0.252
0.398
0.578
0.584
0.814
0.848
0.826
0.874
0.582
0.448
0.49
0.324
0.862
0.728
0.518
0.77
0.422
0.594
0.562
0.852
0.72
0.922
0.752
0.762
0.982
0.882
0.924
0.892
0.96
0.698
0.668
0.694
0.436
0.426
0.56
0.576
0.432
0.442
0.658
0.29
0.476
0.446
0.498
0.426
0.456
0.792
0.47
0.75
0.384
0.38
0.666
0.744
0.52
0.436
0.79
0.488
0.348
0.624
0.824
0.67
0.536
0.538
0.408
0.746
0.882
0.712
0.46
0.498
0.712
0.504
0.544
0.338
0.684
0.624
0.718
0.44
0.436
0.456
0.76
0.698
0.476
0.218
0.56
0.966
0.71
0.384
0.754
0.548
0.704
0.402
0.938
0.492
0.858
0.734
0.494
0.832
0.67
0.65
0.638
0.484
0.2
0.24
0.468
0.528
0.474
0.49
0.766
0.502
0.514
0.458
0.424
0.78
0.884
0.452
0.768
0.888
0.59
0.864
0.688
0.46
0.74
0.68
0.868
0.694
0.238
0.64
0.572
0.664
0.85
0.712
0.492
0.502
0.63
0.488
0.646
0.496
0.574
0.292
0.184
0.502
0.838
0.834
0.41
0.37
0.24
0.866
0.424
0.43
0.408
0.58
0.906
0.274
0.164
0.452
0.666
0.538
0.644
0.696
0.368
0.448
0.534
0.554
0.676
0.48
0.258
0.202
0.536
0.594
0.556
0.776
0.5
0.19
0.476
0.88
0.71
0.434
0.77
0.894
0.312
0.34
0.646
0.418
0.562
0.44
0.464
0.778
0.46
0.768
0.882
0.51
0.792
0.818
0.458
0.3
0.234
0.366
0.368
0.692
0.326
0.392
0.64
0.622
0.696
0.842
0.438
0.434
0.294
0.614
0.862
0.682
0.746
0.456
0.408
0.506
0.896
0.722
0.74
0.496
0.146
0.552
0.928
0.676
0.394
0.534
0.902
0.254
0.418
0.588
0.426
0.658
0.498
0.474
0.306
0.74
0.456
0.792
0.902
0.432
0.672
0.902
0.544
0.532
0.51
0.622
0.85
0.72
0.88
0.844
0.88
0.482
0.536
0.422
0.496
0.318
0.364
0.444
0.69
0.894
0.556
0.704
0.842
0.47
0.502
0.538
0.48
0.812
0.348
0.376
0.666
0.46
0.406
0.588
0.618
0.87
0.718
0.376
0.386
0.654
0.5
0.384
0.532
0.504
0.616
0.578
0.488
0.572
0.388
0.572
0.85
0.532
0.638
0.522
0.72
0.354
0.498
0.9
0.544
0.434
0.478
0.572
0.58
0.318
0.312
0.338
0.57
0.856
0.666
0.456
0.422
0.648
0.438
0.764
0.902
0.554
0.852
0.674
0.408
0.68
0.674
0.876
0.676
0.456
0.772
0.89
0.426
0.394
0.692
0.456
0.41
0.204
0.362
0.28
0.436
0.758
0.476
0.768
0.724
0.462
0.496
0.466
0.732
0.908
0.46
0.788
0.66
0.534
0.78
0.408
0.554
0.886
0.48
0.48
0.722
0.376
0.676
0.93
0.464
0.764
0.45
0.766
0.86
0.596
0.85
0.656
0.46
0.742
0.702
0.436
0.426
0.646
0.544
0.518
0.706
0.472
0.924
0.49
0.902
0.728
0.488
0.772
0.536
0.672
0.738
0.43
0.704
0.856
0.514
0.418
0.63
0.788
0.872
0.66
0.562
0.49
0.51
0.45
0.696
0.516
0.776
0.558
0.52
0.484
0.692
0.706
0.618
0.468
0.76
0.39
0.496
0.882
0.464
0.77
0.882
0.348
0.642
0.172
0.44
0.804
0.892
0.428
0.702
0.888
0.488
0.724
0.534
0.456
0.734
0.59
0.648
0.804
0.582
0.606
0.512
0.372
0.3
0.38
0.456
0.464
0.758
0.546
0.612
0.786
0.432
0.77
0.902
0.408
0.696
0.878
0.66
0.868
0.682
0.834
0.532
0.392
0.366
0.65
0.702
0.536
0.564
0.714
0.536
0.574
0.578
0.634
0.29
0.49
0.466
0.19
0.386
0.246
0.506
0.81
0.692
0.548
0.816
0.5
0.356
0.362
0.402
0.488
0.412
0.448
0.52
0.412
0.616
0.9
0.45
0.75
0.882
0.83
0.47
0.4
0.494
0.826
0.836
0.504
0.388
0.184
0.588
0.544
0.478
0.466
0.376
0.428
0.044
0.21
0.94
0.166
0.964
0.336
0.382
0.692
0.294
0.61
0.556
0.424
0.768
0.882
0.456
0.726
0.894
0.556
0.862
0.812
0.476
0.326
0.518
0.36
0.624
0.592
0.766
0.572
0.198
0.518
0.94
0.728
0.502
0.438
0.472
0.404
0.494
0.894
0.462
0.492
0.8
0.668
0.79
0.794
0.818
0.464
0.414
0.372
0.392
0.682
0.366
0.378
0.698
0.506
0.84
0.818
0.448
0.406
0.244
0.47
0.706
0.588
0.586
0.692
0.808
0.496
0.796
0.6
0.608
0.476
0.424
0.778
0.48
0.436
0.432
0.362
0.502
0.882
0.5
0.738
0.824
0.422
0.458
0.472
0.768
0.648
0.826
0.686
0.484
0.424
0.676
0.858
0.844
0.888
0.458
0.468
0.518
0.862
0.552
0.408
0.474
0.768
0.594
0.866
0.652
0.766
0.72
0.528
0.524
0.634
0.53
0.572
0.596
0.336
0.208
0.6
0.452
0.268
0.606
0.648
0.646
0.778
0.352
0.646
0.578
0.672
0.51
0.596
0.364
0.424
0.726
0.382
0.594
0.522
0.676
0.412
0.916
0.546
0.686
0.686
0.866
0.72
0.5
0.868
0.854
0.466
0.332
0.278
0.636
0.61
0.516
0.598
0.322
0.56
0.474
0.61
0.632
0.752
0.318
0.462
0.436
0.304
0.46
0.786
0.496
0.4
0.36
0.498
0.774
0.658
0.63
0.78
0.408
0.612
0.562
0.506
0.582
0.736
0.632
0.552
0.702
0.48
0.332
0.67
0.524
0.69
0.804
0.496
0.364
0.38
0.468
0.378
0.622
0.672
0.844
0.71
0.698
0.524
0.51
0.734
0.282
0.496
0.49
0.568
0.45
0.774
0.48
0.426
0.648
0.89
0.722
0.448
0.784
0.888
0.438
0.65
0.584
0.482
0.804
0.848
0.436
0.36
0.406
0.106
0.292
0.234
0.352
0.614
0.594
0.538
0.838
0.81
0.434
0.46
0.446
0.336
0.684
0.554
0.438
0.716
0.872
0.428
0.39
0.514
0.852
0.836
0.422
0.414
0.342
0.504
0.862
0.796
0.422
0.418
0.156
0.462
0.812
0.9
0.66
0.234
0.474
0.48
0.468
0.576
0.562
0.724
0.858
0.418
0.404
0.596
0.502
0.758
0.804
0.852
0.212
0.874
0.79
0.758
0.65
0.61
0.556
0.564
0.166
0.424
0.388
0.398
0.346
0.268
0.388
0.474
0.78
0.48
0.372
0.288
0.398
0.466
0.464
0.772
0.91
0.564
0.444
0.532
0.392
0.5
0.916
0.508
0.398
0.302
0.204
0.416
0.564
0.89
0.486
0.598
0.494
0.638
0.372
0.542
0.908
0.458
0.666
0.568
0.708
0.462
0.376
0.498
0.412
0.718
0.768
0.76
0.224
0.35
0.424
0.414
0.622
0.556
0.272
0.398
0.332
0.806
0.716
0.704
0.426
0.784
0.922
0.614
0.504
0.602
0.322
0.714
0.586
0.714
0.848
0.286
0.432
0.59
0.854
0.708
0.506
0.838
0.834
0.444
0.468
0.324
0.532
0.776
0.804
0.55
0.426
0.432
0.762
0.88
0.284
0.394
0.35
0.586
0.546
0.494
0.704
0.828
0.372
0.458
0.68
0.8
0.784
0.57
0.628
0.776
0.534
0.714
0.788
0.46
0.578
0.37
0.472
0.76
0.636
0.856
0.684
0.824
0.828
0.856
0.392
0.528
0.438
0.626
0.534
0.44
0.36
0.374
0.654
0.838
0.732
0.726
0.648
0.848
0.71
0.62
0.64
0.81
0.618
0.852
0.69
0.472
0.504
0.664
0.38
0.394
0.692
0.464
0.778
0.474
0.566
0.648
0.436
0.574
0.9
0.762
0.896
0.814
0.51
0.422
0.474
0.394
0.546
0.886
0.472
0.488
0.536
0.49
0.522
0.666
0.806
0.502
0.576
0.618
0.316
0.412
0.708
0.396
0.604
0.536
0.644
0.702
0.81
0.468
0.702
0.89
0.672
0.704
0.42
0.384
0.32
0.358
0.47
0.43
0.44
0.628
0.556
0.396
0.48
0.372
0.528
0.886
0.518
0.584
0.706
0.846
0.444
0.51
0.542
0.774
0.436
0.388
0.384
0.366
0.694
0.904
0.786
0.772
0.656
0.852
0.666
0.272
0.41
0.336
0.34
0.628
0.424
0.87
0.758
0.826
0.462
0.37
0.384
0.378
0.532
0.912
0.516
0.752
0.488
0.186
0.578
0.968
0.702
0.546
0.59
0.634
0.854
0.86
0.896
0.336
0.924
0.468
0.444
0.628
0.434
0.526
0.436
0.37
0.406
0.696
0.628
0.222
0.544
0.55
0.516
0.582
0.496
0.34
0.382
0.408
0.472
0.59
0.674
0.458
0.476
0.48
0.438
0.388
0.396
0.416
0.534
0.552
0.784
0.5
0.648
0.806
0.41
0.612
0.5
0.496
0.52
0.586
0.446
0.372
0.428
0.378
0.53
0.884
0.496
0.27
0.394
0.542
0.432
0.65
0.518
0.732
0.316
0.45
0.56
0.834
0.622
0.4
0.696
0.872
0.508
0.848
0.834
0.428
0.426
0.526
0.47
0.352
0.55
0.862
0.684
0.466
0.534
0.93
0.96
0.532
0.516
0.682
0.754
0.522
0.466
0.496
0.566
0.504
0.556
0.548
0.75
0.696
0.866
0.76
0.516
0.856
0.824
0.47
0.352
0.608
0.652
0.834
0.692
0.622
0.668
0.86
0.42
0.464
0.104
0.594
0.674
0.814
0.62
0.668
0.808
0.8
0.742
0.7
0.524
0.846
0.822
0.398
0.456
0.288
0.436
0.788
0.412
0.52
0.896
0.472
0.35
0.588
0.304
0.63
0.522
0.618
0.682
0.842
0.64
0.358
0.548
0.64
0.498
0.638
0.642
0.734
0.482
0.532
0.5
0.544
0.666
0.568
0.614
0.782
0.766
0.846
0.812
0.628
0.6
0.8
0.472
0.784
0.674
0.284
0.552
0.78
0.708
0.774
0.712
0.822
0.778
0.508
0.514
0.794
0.612
0.65
0.792
0.63
0.576
0.284
0.648
0.676
0.812
0.47
0.836
0.8
0.412
0.284
0.266
0.564
0.534
0.69
0.5
0.398
0.498
0.43
0.584
0.638
0.778
0.812
0.56
0.698
0.454
0.502
0.562
0.61
0.472
0.768
0.552
0.568
0.624
0.418
0.518
0.534
0.428
0.692
0.382
0.504
0.46
0.404
0.552
0.484
0.498
0.8
0.482
0.768
0.444
0.496
0.566
0.47
0.31
0.758
0.642
0.86
0.724
0.738
0.344
0.568
0.24
0.492
0.638
0.648
0.572
0.32
0.44
0.36
0.326
0.518
0.482
0.696
0.574
0.826
0.534
0.37
0.378
0.446
0.626
0.86
0.66
0.484
0.82
0.638
0.858
0.69
0.596
0.656
0.79
0.492
0.488
0.632
0.36
0.358
0.672
0.484
0.776
0.346
0.554
0.47
0.472
0.742
0.494
0.768
0.456
0.79
0.438
0.526
0.526
0.374
0.516
0.526
0.558
0.57
0.788
0.482
0.772
0.45
0.762
0.388
0.504
0.48
0.45
0.492
0.538
0.458
0.546
0.63
0.344
0.502
0.472
0.39
0.47
0.414
0.67
0.7
0.676
0.396
0.512
0.522
0.506
0.58
0.51
0.634
0.84
0.7
0.542
0.82
0.68
0.466
0.244
0.21
0.444
0.546
0.518
0.604
0.648
0.798
0.516
0.556
0.608
0.632
0.858
0.71
0.696
0.714
0.662
0.188
0.584
0.812
0.748
0.678
0.736
0.33
0.536
0.342
0.51
0.492
0.75
0.682
0.622
0.472
0.514
0.628
0.854
0.758
0.694
0.316
0.144
0.648
0.848
0.82
0.888
0.374
0.48
0.422
0.378
0.458
0.394
0.628
0.2
0.54
0.75
0.726
0.662
0.464
0.354
0.528
0.788
0.452
0.674
0.612
0.804
0.498
0.34
0.384
0.388
0.12
0.322
0.226
0.39
0.702
0.424
0.532
0.468
0.322
0.468
0.562
0.48
0.448
0.662
0.48
0.588
0.454
0.54
0.514
0.666
0.436
0.586
0.47
0.802
0.482
0.764
0.418
0.434
0.494
0.798
0.442
0.594
0.432
0.59
0.4
0.578
0.438
0.604
0.458
0.564
0.458
0.718
0.428
0.456
0.6
0.49
0.582
0.83
0.496
0.516
0.486
0.61
0.496
0.494
0.424
0.47
0.608
0.478
0.564
0.442
0.592
0.852
0.416
0.614
0.886
0.462
0.356
0.442
0.578
0.41
0.348
0.388
0.664
0.456
0.546
0.59
0.554
0.398
0.38
0.402
0.71
0.468
0.578
0.472
0.568
0.36
0.498
0.402
0.382
0.374
0.676
0.434
0.58
0.474
0.574
0.512
0.644
0.514
0.452
0.58
0.506
0.78
0.478
0.758
0.37
0.39
0.666
0.49
0.63
