0.0
0.04726776
0.062295083
0.07459016
0.09371585
0.119945355
0.1352459
0.1546448
0.17267759
0.18032786
0.19480874
0.20956284
0.22459017
0.23852459
0.2510929
0.26420766
0.28114754
0.29508197
0.30983606
0.32568306
0.3431694
0.35601094
0.36885247
0.37650272
0.38661203
0.39644808
0.40519124
0.41202185
0.41830602
0.43005463
0.44125682
0.44699454
0.45382515
0.45846996
0.46284154
0.47131148
0.4784153
0.4855191
0.4942623
0.4986339
0.5054645
0.513388
0.5229508
0.5327869
0.5434426
0.5521858
0.56748635
0.57377046
0.58579236
0.59836066
0.6071038
0.615847
0.63087434
0.64371586
0.66092896
0.66885245
0.6806011
0.68606555
0.69344264
0.70054644
0.70874316
0.71666664
0.72540987
0.736612
0.7453552
0.7519126
0.7579235
0.76420766
0.7704918
0.781694
0.789071
0.7956284
0.80409837
0.81393445
0.8213115
0.8286885
0.834153
0.83934426
0.8442623
0.8521858
0.86174864
0.86721313
0.8726776
0.8786885
0.88551915
0.89535517
0.89972675
0.9057377
0.9120219
0.91885245
0.9256831
0.9327869
0.93797815
0.94699454
0.95327866
0.96420765
0.97786885
0.9920765
0.99945354
1.0
1.0
