0.0
0.07213115
0.09836066
0.117486335
0.14098361
0.15655738
0.18032786
0.19508196
0.21420765
0.23442623
0.25163934
0.27131146
0.29234973
0.31311476
0.32814208
0.33907104
0.34808743
0.3601093
0.3786885
0.381694
0.397541
0.40956286
0.42131147
0.43224043
0.44262296
0.4532787
0.46666667
0.47759563
0.48825136
0.49562842
0.5046448
0.5155738
0.52431697
0.5327869
0.5469945
0.5579235
0.5672131
0.5743169
0.5852459
0.5969945
0.602459
0.60737705
0.6136612
0.6248634
0.63005465
0.63715845
0.64617485
0.65710384
0.66448087
0.6756831
0.68715847
0.6948087
0.70163935
0.70710385
0.7120219
0.71967214
0.7265027
0.7338798
0.7418033
0.74945354
0.7562842
0.7625683
0.76666665
0.77431697
0.7795082
0.784153
0.79125684
0.7969945
0.8046448
0.8117486
0.8177596
0.8251366
0.82923496
0.83661205
0.845082
0.84836066
0.8576503
0.8642076
0.8713115
0.87896174
0.8874317
0.8920765
0.89972675
0.9060109
0.9136612
0.9193989
0.9275956
0.93879783
0.94153005
0.94808745
0.9535519
0.95956284
0.9620219
0.9672131
0.9718579
0.9784153
0.9819672
0.98579234
0.9956284
1.0
1.0
