0.396
0.786
0.726
0.486
0.392
0.34
0.584
0.75
0.404
0.772
0.738
0.596
0.748
0.584
0.57
0.572
0.62
0.636
0.594
0.422
0.802
0.75
0.614
0.556
0.57
0.726
0.75
0.882
0.404
0.816
0.74
0.668
0.644
0.518
0.612
0.376
0.48
0.758
0.758
0.87
0.384
0.438
0.7
0.27
0.286
0.364
0.592
0.502
0.568
0.514
0.54
0.566
0.288
0.402
0.49
0.354
0.398
0.408
0.488
0.492
0.548
0.282
0.638
0.666
0.536
0.17
0.57
0.528
0.78
0.682
0.734
0.63
0.68
0.544
0.398
0.47
0.642
0.472
0.51
0.346
0.6
0.492
0.83
0.578
0.674
0.768
0.304
0.408
0.466
0.932
0.792
0.818
0.89
0.502
0.476
0.914
0.44
0.87
0.766
0.784
0.57
0.776
0.494
0.714
0.652
0.444
0.746
0.684
0.554
0.55
0.692
0.3
0.418
0.494
0.368
0.458
0.702
0.742
0.694
0.85
0.442
0.758
0.726
0.498
0.452
0.574
0.408
0.858
0.778
0.614
0.748
0.418
0.784
0.742
0.62
0.576
0.586
0.576
0.56
0.522
0.924
0.81
0.826
0.93
0.582
0.494
0.914
0.54
0.856
0.722
0.772
0.526
0.528
0.508
0.67
0.364
0.444
0.508
0.624
0.734
0.692
0.684
0.586
0.722
0.782
0.878
0.17
0.548
0.602
0.74
0.626
0.768
0.398
0.458
0.898
0.162
0.902
0.618
0.55
0.472
0.648
0.562
0.548
0.68
0.734
0.554
0.64
0.622
0.476
0.456
0.802
0.714
0.664
0.676
0.536
0.578
0.612
0.55
0.66
0.626
0.528
0.59
0.378
0.446
0.612
0.598
0.492
0.634
0.602
0.542
0.584
0.604
0.448
0.654
0.682
0.54
0.592
0.384
0.45
0.182
0.544
0.802
0.282
0.308
0.442
0.554
0.514
0.54
0.202
0.59
0.724
0.274
0.354
0.448
0.562
0.468
0.548
0.34
0.446
0.626
0.562
0.544
0.53
0.608
0.752
0.52
0.536
0.546
0.604
0.204
0.35
0.498
0.63
0.398
0.566
0.596
0.546
0.578
0.582
0.59
0.534
0.528
0.408
0.422
0.626
0.356
0.418
0.674
0.736
0.73
0.666
0.486
0.792
0.77
0.65
0.964
0.676
0.388
0.566
0.582
0.586
0.524
0.54
0.424
0.46
0.644
0.652
0.678
0.55
0.656
0.692
0.54
0.608
0.796
0.938
0.77
0.824
0.93
0.582
0.554
0.91
0.48
0.878
0.772
0.804
0.604
0.538
0.694
0.5
0.246
0.74
0.714
0.582
0.706
0.318
0.406
0.87
0.218
0.866
0.336
0.326
0.342
0.306
0.348
0.88
0.178
0.9
0.934
0.854
0.916
0.5
0.51
0.89
0.468
0.86
0.754
0.802
0.814
0.62
0.826
0.548
0.612
0.856
0.468
0.88
0.884
0.836
0.588
0.464
0.466
0.538
0.512
0.532
0.46
0.546
0.336
0.376
0.896
0.202
0.902
0.768
0.64
0.852
0.576
0.65
0.874
0.578
0.894
0.908
0.824
0.582
0.62
0.764
0.362
0.332
0.838
0.842
0.872
0.48
0.604
0.514
0.496
0.556
0.512
0.428
0.768
0.736
0.38
0.424
0.7
0.478
0.358
0.526
0.584
0.74
0.398
0.812
0.78
0.584
0.596
0.518
0.242
0.308
0.348
0.524
0.508
0.532
0.332
0.376
0.49
0.44
0.556
0.928
0.762
0.83
0.918
0.526
0.496
0.916
0.446
0.852
0.744
0.768
0.764
0.666
0.818
0.35
0.458
0.884
0.196
0.904
0.364
0.398
0.646
0.268
0.326
0.464
0.568
0.528
0.576
0.844
0.872
0.866
0.614
0.578
0.486
0.568
0.562
0.536
0.66
0.616
0.532
0.726
0.73
0.828
0.392
0.376
0.35
0.606
0.492
0.586
0.32
0.408
0.886
0.17
0.894
0.644
0.748
0.616
0.57
0.526
0.586
0.39
0.45
0.654
0.49
0.43
0.574
0.806
0.622
0.844
0.494
0.584
0.846
0.464
0.896
0.9
0.852
0.572
0.506
0.558
0.708
0.742
0.392
0.462
0.646
0.704
0.536
0.188
0.548
0.55
0.828
0.908
0.902
0.486
0.546
0.42
0.572
0.506
0.506
0.58
0.358
0.482
0.458
0.542
0.548
0.512
0.624
0.25
0.376
0.494
0.684
0.716
0.862
0.632
0.53
0.51
0.552
0.552
0.562
0.57
0.732
0.448
0.52
0.456
0.46
0.504
0.56
0.286
0.674
0.654
0.524
0.726
0.74
0.862
0.692
0.582
0.732
0.318
0.412
0.164
0.926
0.632
0.582
0.522
0.63
0.56
0.496
0.586
0.62
0.512
0.61
0.574
0.538
0.602
0.71
0.748
0.306
0.41
0.506
0.874
0.854
0.872
0.538
0.564
0.468
0.616
0.592
0.616
0.63
0.602
0.538
0.424
0.512
0.694
0.264
0.302
0.41
0.59
0.448
0.588
0.79
0.568
0.826
0.558
0.67
0.89
0.54
0.882
0.886
0.84
0.578
0.41
0.522
0.71
0.914
0.804
0.854
0.92
0.532
0.506
0.902
0.458
0.892
0.79
0.816
0.702
0.774
0.858
0.32
0.454
0.638
0.34
0.458
0.666
0.686
0.698
0.624
0.572
0.604
0.532
0.518
0.572
0.582
0.718
0.666
0.676
0.546
0.6
0.494
0.502
0.492
0.478
0.618
0.556
0.592
0.526
0.562
0.548
0.514
0.736
0.616
0.726
0.362
0.398
0.89
0.158
0.914
0.404
0.852
0.788
0.636
0.622
0.472
0.62
0.626
0.592
0.662
0.672
0.556
0.59
0.66
0.476
0.56
0.544
0.542
0.51
0.548
0.574
0.7
0.858
0.848
0.876
0.588
0.576
0.532
0.592
0.362
0.482
0.626
0.616
0.528
0.622
0.622
0.596
0.79
0.636
0.806
0.316
0.438
0.908
0.158
0.916
0.878
0.874
0.902
0.494
0.564
0.45
0.938
0.784
0.81
0.892
0.51
0.5
0.908
0.486
0.856
0.794
0.788
0.366
0.528
0.738
0.428
0.744
0.742
0.656
0.682
0.57
0.868
0.878
0.856
0.512
0.544
0.556
0.626
0.664
0.532
0.582
0.624
0.52
0.588
0.59
0.55
0.58
0.302
0.396
0.55
0.628
0.54
0.524
0.592
0.598
0.608
0.696
0.734
0.852
0.37
0.38
0.422
0.476
0.522
0.576
0.26
0.822
0.68
0.842
0.36
0.45
0.864
0.182
0.898
0.682
0.492
0.558
0.278
0.792
0.658
0.608
0.598
0.502
0.488
0.548
0.564
0.682
0.626
0.642
0.466
0.628
0.514
0.638
0.4
0.482
0.704
0.378
0.448
0.468
0.476
0.482
0.65
0.278
0.192
0.526
0.532
0.668
0.722
0.606
0.648
0.664
0.528
0.618
0.638
0.548
0.612
0.576
0.55
0.374
0.326
0.624
0.644
0.53
0.55
0.638
0.472
0.364
0.264
0.364
0.544
0.496
0.414
0.704
0.698
0.832
0.63
0.63
0.506
0.574
0.566
0.506
0.626
0.214
0.362
0.534
0.542
0.542
0.472
0.61
0.262
0.374
0.52
0.596
0.564
0.514
0.602
0.528
0.554
0.662
0.706
0.552
0.308
0.376
0.502
0.572
0.528
0.562
0.68
0.74
0.62
0.474
0.396
0.448
0.346
0.426
0.882
0.184
0.912
0.27
0.342
0.52
0.58
0.478
0.56
0.8
0.604
0.73
0.442
0.496
0.862
0.396
0.838
0.866
0.82
0.572
0.43
0.828
0.758
0.574
0.744
0.62
0.736
0.398
0.784
0.71
0.444
0.754
0.726
0.654
0.412
0.45
0.624
0.712
0.572
0.752
0.74
0.722
0.826
0.658
0.71
0.516
0.856
0.86
0.886
0.496
0.596
0.532
0.178
0.54
0.76
0.422
0.716
0.678
0.662
0.692
0.53
0.57
0.51
0.458
0.608
0.32
0.426
0.462
0.42
0.754
0.758
0.586
0.544
0.54
0.632
0.12
0.312
0.492
0.774
0.712
0.644
0.654
0.808
0.736
0.63
0.968
0.696
0.398
0.572
0.932
0.818
0.852
0.914
0.584
0.506
0.93
0.502
0.858
0.778
0.772
0.6
0.424
0.45
0.934
0.794
0.844
0.91
0.59
0.522
0.904
0.484
0.88
0.742
0.778
0.296
0.314
0.392
0.488
0.528
0.626
0.314
0.632
0.648
0.458
0.368
0.364
0.406
0.436
0.496
0.546
0.31
0.396
0.476
0.662
0.392
0.462
0.702
0.324
0.282
0.382
0.562
0.51
0.564
0.578
0.756
0.604
0.742
0.932
0.812
0.792
0.904
0.492
0.5
0.894
0.462
0.882
0.776
0.816
0.576
0.564
0.542
0.572
0.264
0.374
0.534
0.59
0.524
0.514
0.622
0.598
0.538
0.606
0.356
0.458
0.62
0.654
0.472
0.596
0.656
0.54
0.486
0.508
0.492
0.676
0.698
0.724
0.854
0.6
0.788
0.606
0.8
0.92
0.792
0.816
0.886
0.476
0.484
0.896
0.448
0.896
0.784
0.788
0.58
0.384
0.492
0.574
0.516
0.334
0.346
0.89
0.156
0.924
0.55
0.57
0.512
0.624
0.6
0.534
0.342
0.386
0.672
0.446
0.816
0.752
0.368
0.378
0.796
0.612
0.78
0.542
0.666
0.884
0.506
0.9
0.926
0.834
0.59
0.586
0.62
0.524
0.496
0.496
0.512
0.64
0.484
0.534
0.758
0.706
0.372
0.5
0.586
0.732
0.61
0.398
0.488
0.454
0.39
0.61
0.488
0.474
0.796
0.51
0.474
0.518
0.684
0.73
0.602
0.658
0.69
0.478
0.622
0.602
0.52
0.464
0.776
0.75
0.456
0.42
0.628
0.658
0.54
0.686
0.308
0.358
0.9
0.194
0.888
0.83
0.592
0.75
0.528
0.58
0.894
0.41
0.844
0.888
0.81
0.544
0.734
0.758
0.838
0.684
0.678
0.53
0.606
0.494
0.686
0.562
0.51
0.526
0.664
0.338
0.432
0.502
0.312
0.262
0.288
0.346
0.406
0.872
0.2
0.908
0.362
0.416
0.684
0.292
0.244
0.256
0.31
0.308
0.902
0.176
0.896
0.372
0.422
0.684
0.842
0.82
0.834
0.556
0.584
0.536
0.71
0.742
0.866
0.588
0.496
0.446
0.918
0.81
0.844
0.894
0.432
0.466
0.918
0.412
0.904
0.766
0.77
0.56
0.676
0.702
0.318
0.364
0.522
0.668
0.638
0.53
0.738
0.76
0.868
0.718
0.638
0.714
0.698
0.698
0.83
0.538
0.558
0.5
0.604
0.126
0.314
0.492
0.826
0.89
0.93
0.504
0.57
0.504
0.728
0.712
0.878
0.78
0.79
0.858
0.732
0.674
0.842
0.818
0.828
0.816
0.46
0.614
0.506
0.506
0.396
0.612
0.646
0.544
0.762
0.75
0.62
0.77
0.334
0.44
0.87
0.188
0.87
0.926
0.81
0.818
0.928
0.484
0.486
0.902
0.434
0.874
0.758
0.774
0.602
0.622
0.73
0.554
0.554
0.874
0.74
0.374
0.618
0.53
0.742
0.686
0.612
0.512
0.832
0.774
0.68
0.932
0.662
0.374
0.53
0.648
0.672
0.504
0.162
0.164
0.138
0.27
0.296
0.894
0.178
0.892
0.172
0.562
0.956
0.288
0.374
0.498
0.594
0.504
0.542
0.352
0.376
0.626
0.574
0.568
0.662
0.438
0.526
0.486
0.482
0.562
0.894
0.416
0.894
0.9
0.836
0.558
0.304
0.278
0.352
0.46
0.508
0.628
0.294
0.61
0.732
0.422
0.778
0.746
0.546
0.528
0.504
0.6
0.26
0.372
0.498
0.596
0.75
0.652
0.598
0.554
0.612
0.556
0.52
0.548
0.522
0.558
0.672
0.384
0.496
0.514
0.56
0.68
0.754
0.352
0.47
0.5
0.672
0.722
0.874
0.73
0.724
0.862
0.386
0.44
0.462
0.446
0.48
0.572
0.282
0.516
0.406
0.496
0.296
0.334
0.904
0.172
0.92
0.434
0.42
0.53
0.56
0.588
0.552
0.578
0.48
0.654
0.622
0.762
0.858
0.842
0.846
0.388
0.592
0.512
0.418
0.526
0.71
0.922
0.782
0.84
0.918
0.474
0.49
0.902
0.456
0.858
0.768
0.81
0.796
0.602
0.778
0.554
0.654
0.886
0.508
0.896
0.92
0.85
0.59
0.94
0.818
0.836
0.924
0.55
0.502
0.886
0.476
0.894
0.754
0.784
0.586
0.592
0.512
0.526
0.344
0.386
0.588
0.582
0.5
0.53
0.62
0.61
0.514
0.552
0.376
0.584
0.404
0.786
0.75
0.656
0.662
0.526
0.404
0.81
0.754
0.656
0.486
0.534
0.33
0.806
0.668
0.69
0.63
0.816
0.756
0.602
0.78
0.498
0.59
0.858
0.464
0.844
0.894
0.822
0.56
0.584
0.736
0.712
0.376
0.422
0.506
0.486
0.398
0.594
0.734
0.766
0.878
0.64
0.694
0.796
0.304
0.4
0.544
0.784
0.56
0.706
0.494
0.536
0.848
0.384
0.868
0.89
0.828
0.556
0.778
0.7
0.65
0.612
0.814
0.736
0.666
0.934
0.71
0.394
0.568
0.728
0.74
0.888
0.384
0.514
0.364
0.84
0.844
0.84
0.5
0.576
0.492
0.496
0.574
0.724
0.322
0.394
0.508
0.444
0.768
0.714
0.55
0.604
0.778
0.688
0.672
0.55
0.746
0.712
0.874
0.698
0.626
0.814
0.604
0.542
0.44
0.718
0.764
0.9
0.374
0.352
0.66
0.626
0.498
0.602
0.744
0.65
0.668
0.534
0.442
0.788
0.706
0.958
0.812
0.842
0.91
0.448
0.448
0.898
0.398
0.886
0.85
0.772
0.382
0.762
0.718
0.734
0.72
0.874
0.426
0.796
0.718
0.556
0.43
0.784
0.482
0.422
0.632
0.604
0.762
0.506
0.616
0.674
0.522
0.382
0.438
0.488
0.47
0.566
0.524
0.824
0.628
0.514
0.312
0.454
0.454
0.538
0.372
0.544
0.346
0.446
0.452
0.488
0.538
0.866
0.88
0.9
0.522
0.544
0.472
0.418
0.396
0.424
0.49
0.524
0.628
0.272
0.712
0.734
0.862
0.834
0.862
0.904
0.448
0.566
0.464
0.766
0.712
0.652
0.56
0.824
0.724
0.598
0.936
0.72
0.49
0.574
0.656
0.708
0.558
0.714
0.606
0.646
0.578
0.756
0.822
0.584
0.754
0.48
0.55
0.862
0.418
0.892
0.888
0.842
0.522
0.49
0.44
0.566
0.472
0.7
0.6
0.85
0.642
0.556
0.798
0.838
0.834
0.884
0.472
0.6
0.458
0.63
0.492
0.636
0.814
0.634
0.8
0.574
0.682
0.916
0.548
0.87
0.916
0.808
0.6
0.596
0.68
0.68
0.368
0.4
0.544
0.574
0.596
0.548
0.574
0.576
0.55
0.42
0.82
0.758
0.852
0.87
0.89
0.446
0.566
0.51
0.614
0.67
0.778
0.22
0.42
0.42
0.864
0.81
0.856
0.476
0.594
0.474
0.542
0.528
0.502
0.558
0.53
0.596
0.416
0.68
0.746
0.594
0.426
0.724
0.718
0.704
0.724
0.824
0.718
0.682
0.844
0.6
0.79
0.672
0.732
0.866
0.638
0.55
0.814
0.246
0.222
0.248
0.268
0.272
0.878
0.174
0.886
0.642
0.604
0.484
0.5
0.334
0.414
0.578
0.232
0.57
0.924
0.446
0.77
0.718
0.436
0.342
0.434
0.314
0.386
0.884
0.162
0.896
0.212
0.532
0.626
0.43
0.41
0.512
0.528
0.766
0.576
0.638
0.51
0.598
0.882
0.45
0.858
0.89
0.836
0.536
0.338
0.312
0.348
0.25
0.31
0.914
0.178
0.872
0.714
0.784
0.856
0.438
0.76
0.422
0.716
0.646
0.44
0.798
0.752
0.428
0.772
0.71
0.416
0.816
0.758
0.602
0.67
0.496
0.61
0.584
0.52
0.228
0.292
0.376
0.608
0.54
0.58
0.656
0.71
0.56
0.58
0.752
0.65
0.69
0.52
0.518
0.476
0.508
0.536
0.622
0.636
0.494
0.176
0.556
0.802
0.452
0.78
0.732
0.598
0.738
0.62
0.76
0.582
0.762
0.382
0.434
0.456
0.488
0.552
0.562
0.264
0.326
0.376
0.836
0.772
0.32
0.284
0.338
0.336
0.344
0.892
0.2
0.878
0.332
0.404
0.556
0.514
0.524
0.62
0.522
0.528
0.608
0.558
0.65
0.444
0.744
0.656
0.74
0.43
0.482
0.806
0.32
0.886
0.912
0.824
0.584
0.6
0.584
0.52
0.552
0.616
0.582
0.738
0.292
0.244
0.31
0.286
0.282
0.888
0.17
0.904
0.472
0.772
0.732
0.724
0.568
0.602
0.914
0.828
0.824
0.914
0.558
0.508
0.89
0.444
0.87
0.774
0.786
0.698
0.718
0.83
0.222
0.542
0.85
0.794
0.532
0.786
0.494
0.61
0.876
0.462
0.84
0.89
0.82
0.568
0.71
0.746
0.854
0.71
0.764
0.856
0.748
0.656
0.716
0.842
0.854
0.874
0.542
0.544
0.466
0.848
0.768
0.806
0.468
0.58
0.528
0.33
0.388
0.902
0.184
0.9
0.476
0.422
0.33
0.746
0.6
0.874
0.502
0.618
0.894
0.498
0.858
0.91
0.844
0.568
0.45
0.394
0.536
0.51
0.51
0.552
0.494
0.618
0.294
0.44
0.504
0.634
0.532
0.646
0.366
0.434
0.862
0.178
0.914
0.568
0.41
0.47
0.5
0.502
0.824
0.454
0.52
0.878
0.808
0.368
0.604
0.58
0.936
0.79
0.85
0.908
0.606
0.486
0.906
0.45
0.866
0.744
0.786
0.428
0.472
0.428
0.49
0.508
0.558
0.284
0.704
0.738
0.842
0.626
0.614
0.446
0.438
0.636
0.634
0.76
0.736
0.738
0.874
0.572
0.62
0.51
0.536
0.574
0.588
0.712
0.794
0.638
0.722
0.508
0.532
0.85
0.408
0.85
0.886
0.822
0.536
0.35
0.344
0.616
0.748
0.842
0.864
0.9
0.498
0.588
0.44
0.738
0.642
0.77
0.454
0.534
0.856
0.442
0.856
0.888
0.826
0.592
0.69
0.724
0.83
0.732
0.728
0.806
0.594
0.822
0.292
0.356
0.448
0.566
0.504
0.564
0.778
0.646
0.75
0.478
0.568
0.858
0.42
0.832
0.862
0.828
0.572
0.912
0.78
0.792
0.934
0.468
0.512
0.924
0.418
0.866
0.83
0.774
0.298
0.254
0.338
0.446
0.494
0.666
0.304
0.564
0.748
0.624
0.456
0.536
0.638
0.616
0.532
0.798
0.578
0.76
0.474
0.504
0.822
0.368
0.856
0.896
0.832
0.564
0.796
0.622
0.796
0.466
0.55
0.86
0.394
0.856
0.92
0.85
0.568
0.346
0.346
0.372
0.428
0.84
0.824
0.362
0.5
0.714
0.572
0.556
0.502
0.58
0.224
0.33
0.502
0.65
0.544
0.816
0.568
0.464
0.558
0.38
0.474
0.89
0.184
0.92
0.448
0.526
0.472
0.616
0.464
0.544
0.456
0.548
0.542
0.554
0.628
0.176
0.33
0.472
0.796
0.702
0.606
0.68
0.496
0.418
0.702
0.654
0.342
0.414
0.63
0.53
0.368
0.638
0.486
0.532
0.522
0.606
0.162
0.318
0.53
0.736
0.752
0.858
0.202
0.586
0.598
0.566
0.538
0.552
0.552
0.558
0.498
0.7
0.69
0.618
0.752
0.376
0.402
0.862
0.166
0.872
0.422
0.632
0.626
0.546
0.478
0.578
0.31
0.352
0.862
0.204
0.856
0.676
0.844
0.5
0.536
0.404
0.898
0.568
0.934
0.79
0.81
0.892
0.528
0.516
0.91
0.486
0.864
0.814
0.77
0.726
0.744
0.816
0.732
0.794
0.84
0.632
0.692
0.542
0.408
0.792
0.734
0.602
0.64
0.548
0.6
0.636
0.524
0.504
0.492
0.824
0.486
0.57
0.852
0.738
0.362
0.636
0.6
0.928
0.808
0.83
0.91
0.484
0.536
0.894
0.454
0.868
0.74
0.792
0.634
0.604
0.586
0.54
0.324
0.396
0.558
0.276
0.448
0.52
0.584
0.502
0.546
0.39
0.388
0.352
0.406
0.394
0.534
0.546
0.672
0.668
0.53
0.384
0.796
0.712
0.586
0.484
0.514
0.666
0.566
0.826
0.472
0.604
0.704
0.524
0.418
0.438
0.38
0.38
0.388
0.46
0.5
0.65
0.264
0.716
0.736
0.848
0.696
0.766
0.85
0.516
0.734
0.594
0.48
0.504
0.492
0.322
0.588
0.706
0.716
0.436
0.374
0.518
0.866
0.778
0.762
0.42
0.742
0.688
0.214
0.54
0.74
0.804
0.592
0.83
0.514
0.596
0.838
0.46
0.882
0.898
0.848
0.588
0.47
0.402
0.504
0.292
0.306
0.894
0.194
0.874
0.662
0.56
0.814
0.734
0.604
0.784
0.492
0.504
0.846
0.358
0.87
0.916
0.842
0.592
0.732
0.598
0.78
0.404
0.464
0.802
0.31
0.87
0.882
0.842
0.542
0.598
0.598
0.536
0.536
0.474
0.498
0.658
0.558
0.548
0.494
0.632
0.562
0.6
0.472
0.298
0.338
0.896
0.164
0.908
0.408
0.418
0.368
0.614
0.746
0.768
0.744
0.872
0.582
0.762
0.602
0.766
0.766
0.592
0.778
0.466
0.55
0.848
0.42
0.838
0.9
0.832
0.558
0.832
0.828
0.868
0.396
0.6
0.49
0.436
0.786
0.768
0.618
0.604
0.5
0.5
0.334
0.412
0.542
0.386
0.434
0.694
0.84
0.818
0.888
0.504
0.62
0.446
0.59
0.418
0.43
0.49
0.462
0.506
0.486
0.698
0.728
0.866
0.626
0.678
0.536
0.38
0.38
0.308
0.366
0.306
0.622
0.628
0.508
0.762
0.628
0.804
0.354
0.422
0.896
0.188
0.886
0.774
0.568
0.756
0.552
0.572
0.862
0.488
0.902
0.908
0.83
0.584
0.794
0.624
0.826
0.476
0.588
0.87
0.456
0.88
0.896
0.818
0.584
0.558
0.564
0.51
0.622
0.266
0.376
0.48
0.592
0.596
0.724
0.556
0.552
0.878
0.736
0.314
0.614
0.584
0.478
0.418
0.702
0.568
0.688
0.766
0.458
0.436
0.514
0.856
0.802
0.81
0.376
0.56
0.434
0.708
0.774
0.874
0.476
0.754
0.674
0.232
0.554
0.798
0.408
0.47
0.528
0.512
0.856
0.868
0.888
0.552
0.614
0.466
0.542
0.552
0.458
0.592
0.404
0.498
0.472
0.646
0.386
0.504
0.654
0.554
0.822
0.782
0.636
0.68
0.552
0.65
0.878
0.526
0.858
0.904
0.848
0.578
0.722
0.756
0.852
0.662
0.626
0.55
0.564
0.414
0.458
0.618
0.94
0.816
0.822
0.908
0.51
0.49
0.93
0.436
0.878
0.778
0.77
0.92
0.788
0.846
0.898
0.608
0.504
0.902
0.482
0.856
0.838
0.796
0.86
0.872
0.894
0.466
0.586
0.54
0.42
0.788
0.71
0.496
0.366
0.622
0.854
0.818
0.862
0.504
0.588
0.428
0.812
0.856
0.87
0.488
0.584
0.448
0.514
0.824
0.624
0.51
0.344
0.438
0.608
0.752
0.77
0.712
0.614
0.53
0.804
0.756
0.654
0.946
0.698
0.316
0.53
0.536
0.632
0.686
0.468
0.462
0.334
0.622
0.522
0.762
0.632
0.514
0.774
0.688
0.718
0.578
0.442
0.54
0.408
0.792
0.584
0.746
0.458
0.478
0.832
0.346
0.848
0.88
0.842
0.582
0.758
0.632
0.68
0.776
0.624
0.754
0.498
0.502
0.84
0.424
0.882
0.892
0.834
0.572
0.594
0.742
0.652
0.676
0.552
0.914
0.818
0.832
0.904
0.594
0.52
0.886
0.522
0.852
0.794
0.806
0.816
0.742
0.616
0.706
0.806
0.756
0.622
0.926
0.68
0.504
0.57
0.8
0.736
0.62
0.676
0.812
0.724
0.658
0.962
0.684
0.474
0.564
0.44
0.402
0.542
0.608
0.494
0.466
0.42
0.768
0.838
0.802
0.698
0.636
0.646
0.798
0.74
0.66
0.928
0.7
0.428
0.596
0.724
0.742
0.856
0.576
0.552
0.478
0.526
0.51
0.49
0.654
0.758
0.636
0.842
0.512
0.562
0.854
0.402
0.87
0.876
0.826
0.572
0.832
0.584
0.73
0.434
0.504
0.864
0.368
0.852
0.876
0.83
0.572
0.938
0.832
0.808
0.886
0.536
0.49
0.902
0.432
0.884
0.772
0.782
0.582
0.692
0.732
0.554
0.554
0.854
0.64
0.366
0.626
0.574
0.684
0.754
0.856
0.458
0.402
0.548
0.85
0.9
0.918
0.472
0.594
0.47
0.278
0.364
0.514
0.564
0.518
0.522
0.782
0.556
0.678
0.546
0.64
0.888
0.478
0.894
0.894
0.844
0.582
0.426
0.576
0.496
0.47
0.496
0.552
0.292
0.572
0.49
0.59
0.31
0.382
0.872
0.18
0.916
0.808
0.624
0.788
0.456
0.49
0.842
0.37
0.888
0.916
0.83
0.612
0.328
0.79
0.602
0.788
0.514
0.554
0.846
0.44
0.896
0.896
0.846
0.568
0.516
0.832
0.628
0.494
0.258
0.416
0.192
0.526
0.534
0.724
0.748
0.82
0.832
0.878
0.886
0.484
0.562
0.47
0.656
0.67
0.736
0.598
0.528
0.868
0.696
0.348
0.6
0.578
0.66
0.614
0.48
0.798
0.63
0.804
0.576
0.66
0.888
0.534
0.874
0.898
0.832
0.572
0.382
0.414
0.442
0.434
0.488
0.562
0.288
0.854
0.844
0.856
0.458
0.598
0.504
0.532
0.538
0.54
0.56
0.376
0.5
0.498
0.752
0.74
0.868
0.548
0.432
0.504
0.418
0.456
0.432
0.492
0.522
0.568
0.292
0.454
0.782
0.704
0.392
0.368
0.43
0.454
0.482
0.654
0.256
0.594
0.494
0.816
0.826
0.844
0.882
0.556
0.592
0.478
0.924
0.792
0.838
0.91
0.506
0.528
0.906
0.47
0.848
0.782
0.806
0.764
0.72
0.622
0.49
0.8
0.772
0.644
0.952
0.71
0.372
0.522
0.57
0.51
0.562
0.65
0.572
0.558
0.64
0.61
0.562
0.56
0.43
0.484
0.638
0.596
0.554
0.528
0.608
0.502
0.456
0.642
0.682
0.75
0.856
0.46
0.524
0.77
0.56
0.42
0.462
0.552
0.562
0.576
0.6
0.656
0.564
0.28
0.362
0.504
0.576
0.484
0.576
0.446
0.464
0.342
0.564
0.512
0.616
0.384
0.362
0.882
0.194
0.868
0.778
0.628
0.77
0.508
0.574
0.86
0.432
0.866
0.912
0.834
0.578
0.434
0.406
0.534
0.544
0.676
0.694
0.804
0.59
0.6
0.536
0.546
0.31
0.402
0.552
0.682
0.73
0.88
0.718
0.726
0.846
0.74
0.748
0.836
0.592
0.504
0.608
0.354
0.442
0.888
0.202
0.882
0.936
0.79
0.818
0.888
0.556
0.432
0.916
0.418
0.876
0.738
0.8
0.454
0.778
0.696
0.332
0.376
0.674
0.554
0.778
0.614
0.656
0.8
0.352
0.462
0.516
0.822
0.84
0.868
0.542
0.618
0.514
0.93
0.784
0.842
0.914
0.492
0.472
0.91
0.408
0.888
0.75
0.814
0.616
0.55
0.5
0.478
0.346
0.412
0.57
0.918
0.834
0.824
0.924
0.406
0.464
0.922
0.406
0.898
0.808
0.792
0.93
0.792
0.812
0.924
0.466
0.482
0.916
0.434
0.866
0.826
0.796
0.624
0.582
0.518
0.518
0.428
0.504
0.622
0.358
0.338
0.356
0.858
0.844
0.912
0.49
0.588
0.492
0.716
0.776
0.904
0.724
0.732
0.886
0.802
0.588
0.712
0.492
0.608
0.874
0.484
0.846
0.896
0.834
0.58
0.69
0.672
0.52
0.556
0.5
0.576
0.35
0.394
0.88
0.172
0.902
0.636
0.708
0.712
0.404
0.44
0.42
0.724
0.714
0.85
0.506
0.442
0.512
0.28
0.308
0.89
0.186
0.89
0.826
0.582
0.708
0.408
0.44
0.846
0.32
0.84
0.91
0.842
0.54
0.34
0.386
0.906
0.174
0.902
0.74
0.744
0.858
0.49
0.842
0.64
0.484
0.37
0.45
0.59
0.672
0.688
0.57
0.56
0.892
0.716
0.348
0.658
0.552
0.448
0.426
0.57
0.496
0.746
0.754
0.862
0.278
0.32
0.456
0.596
0.508
0.53
0.206
0.53
0.726
0.54
0.564
0.54
0.59
0.548
0.536
0.698
0.638
0.526
0.602
0.76
0.678
0.858
0.426
0.51
0.836
0.354
0.874
0.918
0.826
0.548
0.264
0.226
0.34
0.592
0.478
0.568
0.874
0.828
0.856
0.52
0.586
0.47
0.698
0.688
0.836
0.798
0.642
0.828
0.442
0.442
0.83
0.354
0.862
0.894
0.82
0.588
0.306
0.256
0.296
0.294
0.324
0.878
0.162
0.868
0.576
0.534
0.538
0.634
0.164
0.344
0.514
0.708
0.758
0.854
0.838
0.856
0.86
0.502
0.546
0.514
0.692
0.756
0.862
0.748
0.764
0.838
0.676
0.568
0.628
0.26
0.804
0.678
0.504
0.318
0.588
0.378
0.432
0.428
0.484
0.548
0.532
0.3
0.738
0.618
0.666
0.578
0.59
0.482
0.568
0.336
0.484
0.506
0.524
0.394
0.572
0.342
0.356
0.67
0.694
0.574
0.624
0.56
0.56
0.638
0.552
0.538
0.35
0.366
0.398
0.476
0.518
0.614
0.286
0.36
0.412
0.456
0.496
0.492
0.572
0.31
0.518
0.34
0.594
0.37
0.318
0.346
0.344
0.454
0.89
0.17
0.906
0.6
0.506
0.498
0.618
0.434
0.538
0.468
0.784
0.686
0.846
0.524
0.642
0.884
0.484
0.876
0.9
0.852
0.53
0.46
0.404
0.48
0.278
0.334
0.892
0.198
0.898
0.768
0.572
0.756
0.458
0.488
0.846
0.356
0.86
0.898
0.8
0.576
0.348
0.342
0.628
0.636
0.546
0.582
0.414
0.476
0.632
0.724
0.748
0.878
0.742
0.74
0.866
0.67
0.684
0.842
0.328
0.354
0.34
0.356
0.36
0.326
0.722
0.752
0.856
0.254
0.332
0.478
0.56
0.516
0.556
0.822
0.732
0.658
0.722
0.834
0.77
0.708
0.972
0.734
0.478
0.582
0.488
0.532
0.356
0.71
0.622
0.81
0.464
0.826
0.796
0.842
0.79
0.86
0.654
0.558
0.44
0.674
0.566
0.642
0.712
0.72
0.84
0.376
0.318
0.468
0.384
0.56
0.84
0.858
0.896
0.514
0.564
0.45
0.464
0.852
0.606
0.538
0.356
0.434
0.472
0.568
0.508
0.464
0.49
0.624
0.3
0.642
0.596
0.506
0.498
0.444
0.482
0.618
0.608
0.638
0.544
0.51
0.442
0.49
0.652
0.722
0.744
0.88
0.176
0.54
0.598
0.606
0.518
0.608
0.386
0.372
0.894
0.17
0.902
0.912
0.792
0.822
0.906
0.438
0.526
0.916
0.44
0.876
0.802
0.766
0.758
0.708
0.626
0.642
0.81
0.766
0.69
0.954
0.686
0.418
0.572
0.446
0.564
0.716
0.536
0.43
0.51
0.39
0.798
0.706
0.7
0.766
0.842
0.604
0.6
0.536
0.556
0.38
0.396
0.54
0.826
0.6
0.706
0.494
0.52
0.868
0.376
0.912
0.922
0.836
0.562
0.656
0.54
0.674
0.376
0.414
0.874
0.172
0.93
0.844
0.856
0.85
0.49
0.53
0.472
0.668
0.552
0.622
0.336
0.4
0.57
0.508
0.472
0.366
0.348
0.642
0.592
0.616
0.806
0.566
0.704
0.508
0.586
0.87
0.5
0.858
0.906
0.806
0.568
0.91
0.79
0.824
0.92
0.53
0.518
0.904
0.468
0.886
0.742
0.764
0.644
0.534
0.774
0.62
0.646
0.518
0.764
0.57
0.566
0.486
0.618
0.866
0.456
0.876
0.886
0.856
0.58
0.678
0.676
0.552
0.924
0.816
0.84
0.922
0.458
0.46
0.91
0.422
0.872
0.716
0.788
0.566
0.548
0.51
0.626
0.176
0.332
0.524
0.516
0.39
0.554
0.348
0.612
0.604
0.852
0.81
0.836
0.508
0.58
0.46
0.858
0.874
0.876
0.554
0.584
0.42
0.32
0.416
0.636
0.742
0.682
0.45
0.658
0.708
0.54
0.782
0.638
0.724
0.46
0.552
0.886
0.446
0.876
0.898
0.844
0.558
0.508
0.412
0.39
0.356
0.338
0.54
0.54
0.768
0.532
0.528
0.858
0.78
0.36
0.59
0.618
0.772
0.68
0.618
0.578
0.822
0.736
0.626
0.974
0.694
0.456
0.596
0.208
0.574
0.702
0.55
0.39
0.472
0.416
0.374
0.378
0.628
0.614
0.492
0.452
0.442
0.446
0.618
0.402
0.444
0.49
0.482
0.476
0.588
0.296
0.508
0.51
0.542
0.618
0.454
0.576
0.46
0.344
0.33
0.422
0.486
0.516
0.656
0.262
0.56
0.544
0.438
0.412
0.404
0.438
0.574
0.432
0.478
0.474
0.494
0.538
0.62
0.248
0.602
0.632
0.512
0.532
0.624
0.57
0.746
0.606
0.548
0.504
0.598
0.564
0.636
0.478
0.458
0.442
0.56
0.946
0.832
0.822
0.898
0.6
0.572
0.896
0.518
0.85
0.79
0.764
0.432
0.326
0.396
0.29
0.378
0.886
0.214
0.886
0.49
0.47
0.516
0.354
0.314
0.37
0.826
0.866
0.888
0.448
0.562
0.524
0.716
0.78
0.852
0.436
0.266
0.726
0.79
0.832
0.918
0.614
0.492
0.834
0.906
0.904
0.508
0.572
0.518
0.754
0.74
0.858
0.702
0.4
0.344
0.576
0.52
0.556
0.616
0.634
0.548
0.766
0.826
0.584
0.68
0.798
0.508
0.846
0.644
0.52
0.414
0.446
0.718
0.836
0.702
0.402
0.276
0.602
0.358
0.436
0.228
0.568
0.818
0.468
0.622
0.572
0.438
0.372
0.59
0.364
0.366
0.486
0.456
0.598
0.374
0.384
0.862
0.856
0.87
0.516
0.626
0.532
0.838
0.81
0.838
0.378
0.612
0.474
0.604
0.676
0.764
0.404
0.46
0.44
0.606
0.654
0.798
0.778
0.654
0.864
0.546
0.63
0.872
0.514
0.894
0.894
0.816
0.6
0.928
0.77
0.802
0.92
0.606
0.542
0.892
0.48
0.892
0.798
0.77
0.5
0.83
0.742
0.33
0.358
0.414
0.75
0.568
0.58
0.528
0.61
0.562
0.5
0.936
0.796
0.818
0.918
0.59
0.512
0.896
0.51
0.894
0.808
0.752
0.92
0.824
0.804
0.918
0.584
0.532
0.9
0.498
0.874
0.778
0.794
0.334
0.286
0.362
0.456
0.518
0.586
0.338
0.852
0.864
0.878
0.456
0.566
0.482
0.264
0.29
0.884
0.188
0.904
0.392
0.802
0.754
0.572
0.776
0.728
0.776
0.85
0.858
0.85
0.848
0.45
0.57
0.484
0.448
0.818
0.718
0.874
0.844
0.898
0.54
0.57
0.508
0.682
0.754
0.832
0.816
0.848
0.882
0.496
0.598
0.446
0.694
0.724
0.838
0.714
0.756
0.84
0.842
0.83
0.89
0.502
0.572
0.5
0.86
0.844
0.85
0.47
0.618
0.506
0.738
0.778
0.848
0.742
0.716
0.88
0.696
0.718
0.852
0.734
0.76
0.886
0.734
0.738
0.844
0.674
0.774
0.866
0.856
0.846
0.876
0.516
0.58
0.466
0.83
0.792
0.854
0.522
0.552
0.506
0.838
0.89
0.868
0.486
0.57
0.522
0.914
0.812
0.796
0.914
0.482
0.496
0.882
0.408
0.862
0.802
0.794
0.702
0.768
0.862
0.578
0.554
0.532
0.654
0.21
0.354
0.512
0.554
0.56
0.532
0.514
0.346
0.438
0.588
0.344
0.368
0.406
0.442
0.49
0.608
0.272
0.352
0.34
0.396
0.48
0.496
0.648
0.264
0.59
0.504
0.602
0.372
0.394
0.894
0.182
0.902
0.492
0.402
0.656
0.836
0.856
0.864
0.53
0.57
0.466
0.806
0.862
0.874
0.566
0.548
0.484
0.848
0.778
0.848
0.466
0.54
0.494
0.722
0.728
0.85
0.486
0.38
0.534
0.85
0.83
0.894
0.582
0.566
0.476
0.712
0.732
0.848
0.846
0.832
0.87
0.43
0.606
0.468
0.698
0.772
0.86
0.654
0.514
0.792
0.824
0.83
0.852
0.5
0.514
0.466
0.702
0.738
0.832
0.712
0.704
0.848
0.294
0.31
0.41
0.554
0.498
0.504
0.696
0.574
0.8
0.588
0.68
0.716
0.594
0.51
0.618
0.894
0.762
0.82
0.504
0.574
0.56
0.624
0.702
0.512
0.608
0.634
0.566
0.65
0.552
0.504
0.344
0.77
0.806
0.772
0.588
0.7
0.578
0.644
0.862
0.48
0.872
0.894
0.854
0.536
0.602
0.606
0.54
0.656
0.576
0.558
0.432
0.722
0.706
0.742
0.598
0.79
0.56
0.656
0.878
0.488
0.904
0.946
0.836
0.58
0.544
0.522
0.52
0.576
0.358
0.414
0.588
0.4
0.436
0.406
0.468
0.526
0.558
0.258
0.84
0.876
0.886
0.492
0.574
0.476
0.492
0.41
0.656
0.916
0.804
0.842
0.906
0.616
0.532
0.91
0.518
0.894
0.784
0.774
0.546
0.456
0.56
0.294
0.338
0.876
0.186
0.91
0.628
0.56
0.508
0.586
0.396
0.534
0.48
0.754
0.64
0.77
0.368
0.428
0.872
0.188
0.872
0.544
0.614
0.48
0.774
0.57
0.54
0.562
0.796
0.604
0.494
0.35
0.462
0.56
0.622
0.506
0.602
0.592
0.524
0.408
0.336
0.594
0.678
0.726
0.356
0.39
0.48
0.63
0.664
0.556
0.586
0.246
0.406
0.532
0.748
0.478
0.608
0.28
0.81
0.602
0.782
0.756
0.596
0.636
0.886
0.53
0.686
0.624
0.798
0.572
0.44
0.77
0.57
0.67
0.7
0.352
0.424
0.478
0.612
0.63
0.532
0.614
0.524
0.786
0.386
0.43
0.684
0.744
0.646
0.734
0.424
0.496
0.854
0.358
0.858
0.894
0.804
0.52
0.49
0.558
0.768
0.474
0.428
0.448
0.352
0.45
0.684
0.412
0.784
0.402
0.51
0.454
0.468
0.488
0.56
0.304
0.676
0.728
0.56
0.95
0.806
0.842
0.92
0.592
0.496
0.892
0.514
0.88
0.766
0.768
0.628
0.564
0.536
0.536
0.532
0.542
0.71
0.398
0.81
0.772
0.404
0.588
0.648
0.462
0.4
0.664
0.73
0.742
0.856
0.692
0.616
0.604
0.208
0.526
0.454
0.392
0.828
0.774
0.444
0.39
0.474
0.552
0.706
0.774
0.858
0.728
0.566
0.484
0.28
0.822
0.558
0.348
0.332
0.184
0.538
0.462
0.788
0.676
0.8
0.334
0.408
0.88
0.19
0.864
0.762
0.548
0.728
0.472
0.534
0.856
0.372
0.874
0.91
0.824
0.538
0.59
0.476
0.536
0.74
0.778
0.844
0.524
0.374
0.76
0.696
0.704
0.552
0.778
0.614
0.772
0.414
0.502
0.84
0.366
0.892
0.902
0.838
0.566
0.652
0.58
0.518
0.538
0.668
0.578
0.762
0.776
0.586
0.792
0.428
0.484
0.846
0.344
0.886
0.892
0.834
0.594
0.944
0.81
0.838
0.912
0.566
0.548
0.894
0.458
0.878
0.762
0.768
0.552
0.544
0.622
0.518
0.59
0.93
0.77
0.8
0.918
0.584
0.55
0.922
0.456
0.864
0.778
0.804
0.736
0.604
0.722
0.572
0.716
0.922
0.566
0.876
0.89
0.866
0.59
0.19
0.502
0.688
0.942
0.792
0.84
0.922
0.524
0.538
0.89
0.462
0.864
0.776
0.774
0.772
0.692
0.658
0.558
0.798
0.76
0.668
0.942
0.71
0.446
0.548
0.21
0.562
0.692
0.446
0.392
0.528
0.48
0.368
0.58
0.608
0.462
0.396
0.61
0.492
0.378
0.682
0.476
0.424
0.732
0.516
0.394
0.664
0.562
0.624
0.824
0.712
0.744
0.862
0.822
0.824
0.854
0.55
0.586
0.432
0.596
0.586
0.54
0.61
0.428
0.462
0.638
0.578
0.59
0.478
0.5
0.298
0.388
0.518
0.764
0.604
0.786
0.46
0.57
0.87
0.372
0.874
0.894
0.832
0.602
0.506
0.4
0.55
0.402
0.772
0.73
0.718
0.736
0.866
0.386
0.386
0.556
0.498
0.724
0.592
0.654
0.606
0.46
0.746
0.518
0.584
0.692
0.386
0.462
0.554
0.678
0.602
0.828
0.85
0.896
0.884
0.526
0.59
0.434
0.188
0.526
0.494
0.55
0.756
0.348
0.562
0.634
0.798
0.572
0.716
0.516
0.53
0.844
0.364
0.9
0.898
0.848
0.594
0.482
0.458
0.504
0.526
0.484
0.456
0.548
0.556
0.498
0.378
0.618
0.47
0.392
0.364
0.582
0.75
0.582
0.778
0.502
0.366
0.596
0.676
0.256
0.318
0.676
0.388
0.258
0.596
0.6
0.474
0.416
0.386
0.428
0.824
0.784
0.654
0.178
0.374
0.714
0.354
0.242
0.446
0.558
0.396
0.482
0.574
0.518
0.584
0.766
0.614
0.678
0.53
0.554
0.528
0.532
0.4
0.614
0.56
0.634
0.578
0.5
0.61
0.534
0.522
0.628
0.748
0.492
0.442
0.36
0.44
0.424
0.748
0.376
0.348
0.378
0.618
0.756
0.342
0.376
0.294
0.442
0.784
0.746
0.446
0.8
0.702
0.626
0.676
0.54
0.586
0.772
0.612
0.628
0.434
0.484
0.572
0.562
0.694
0.744
0.552
0.5
0.48
0.466
0.682
0.33
0.368
0.42
0.396
0.67
0.546
0.846
0.576
0.534
0.356
0.462
0.694
0.446
0.26
0.408
0.782
0.75
0.298
0.288
0.578
0.514
0.544
0.446
0.474
0.506
0.55
0.37
0.436
0.72
0.482
0.396
0.608
0.614
0.37
0.318
0.594
0.586
0.568
0.668
0.66
0.56
0.446
0.75
0.71
0.28
0.36
0.454
0.568
0.478
0.558
0.604
0.744
0.446
0.778
0.718
0.478
0.816
0.632
0.516
0.368
0.43
0.562
0.354
0.612
0.498
0.394
0.602
0.588
0.688
0.732
0.506
0.448
0.494
0.636
0.642
0.516
0.57
0.642
0.52
0.628
0.584
0.532
0.6
0.602
0.516
0.584
0.612
0.596
0.444
0.808
0.746
0.276
0.346
0.484
0.58
0.478
0.554
0.57
0.486
0.552
0.434
0.75
0.73
0.428
0.778
0.716
0.698
0.342
0.322
0.604
0.58
0.426
0.86
0.822
0.88
0.51
0.576
0.472
0.51
0.514
0.366
0.424
0.812
0.74
0.61
0.716
0.718
0.292
0.434
0.59
0.628
0.748
0.53
0.424
0.546
0.582
0.494
0.574
0.652
0.628
0.51
0.494
0.388
0.596
0.386
0.278
0.376
0.464
0.68
0.42
0.508
0.502
0.5
0.496
0.55
0.312
0.492
0.528
0.47
0.498
0.472
0.516
0.3
0.602
0.542
0.546
0.58
0.362
0.454
0.558
0.658
0.668
0.546
0.652
0.398
0.512
0.444
0.818
0.73
0.592
0.626
0.572
0.6
0.736
0.67
0.698
0.516
0.608
0.786
0.662
0.348
0.284
0.704
0.4
0.328
0.412
0.366
0.39
0.578
0.74
0.586
0.746
0.664
0.248
0.286
0.43
0.798
0.738
0.562
0.726
0.308
0.37
0.424
0.484
0.52
0.616
0.3
0.594
0.74
0.466
0.73
0.692
0.614
0.766
0.452
0.78
0.724
0.63
0.778
0.566
0.608
0.744
0.692
0.198
0.318
0.626
0.29
0.312
0.622
0.632
0.57
0.62
0.572
0.536
0.572
0.768
0.74
0.59
0.69
0.632
0.744
0.626
0.31
0.33
0.728
0.744
0.866
0.688
0.468
0.266
0.55
0.518
0.446
0.62
0.784
0.684
0.344
0.308
0.43
0.42
0.362
0.59
0.738
0.414
0.804
0.748
0.466
0.818
0.758
0.496
0.434
0.388
0.41
0.776
0.784
0.434
0.822
0.768
0.66
0.438
0.278
0.592
0.782
0.514
0.594
0.818
0.624
0.25
0.378
0.434
0.424
0.52
0.562
0.62
0.742
0.604
0.6
0.798
0.39
0.814
0.708
0.408
0.756
0.706
0.674
0.636
0.488
0.676
0.344
0.3
0.458
0.504
0.374
0.532
0.664
0.778
0.542
0.508
0.5
0.594
0.282
0.42
0.494
0.472
0.384
0.338
0.604
0.766
0.488
0.572
0.556
0.482
0.504
0.582
0.298
0.458
0.444
0.552
0.528
0.398
0.784
0.756
0.468
0.726
0.69
0.696
0.3
0.346
0.56
0.786
0.648
0.524
0.272
0.442
0.684
0.436
0.34
0.448
0.388
0.422
0.326
0.378
0.894
0.138
0.902
0.5
0.384
0.536
0.45
0.55
0.604
0.414
0.778
0.75
0.444
0.804
0.718
0.564
0.798
0.616
0.498
0.286
0.462
0.434
0.602
0.634
0.608
0.658
0.458
0.616
0.632
0.542
0.348
0.366
0.394
0.478
0.524
0.58
0.294
0.624
0.736
0.636
0.532
0.57
0.628
0.266
0.342
0.52
0.382
0.63
0.498
0.398
0.542
0.566
0.794
0.578
0.462
0.288
0.486
0.332
0.58
0.598
0.552
0.618
0.816
0.626
0.77
0.68
0.554
0.646
0.43
0.798
0.434
0.61
0.502
0.484
0.528
0.574
0.256
0.454
0.528
0.5
0.534
0.596
0.778
0.672
0.648
0.534
0.626
0.544
0.56
0.84
0.838
0.872
0.51
0.586
0.508
0.672
0.31
0.336
0.582
0.724
0.672
0.73
0.564
0.606
0.548
0.344
0.436
0.646
0.662
0.544
0.564
0.316
0.714
0.776
0.552
0.5
0.638
0.598
0.64
0.76
0.47
0.564
0.618
0.542
0.492
0.378
0.262
0.306
0.442
0.572
0.466
0.556
0.572
0.508
0.528
0.618
0.516
0.662
0.612
0.5
0.51
0.798
0.62
0.53
0.288
0.416
0.514
0.52
0.534
0.58
0.428
0.502
0.494
0.61
0.652
0.814
0.472
0.49
0.48
0.472
0.508
0.68
0.416
0.276
0.694
0.584
0.606
0.624
0.652
0.83
0.472
0.604
0.56
0.552
0.476
0.574
0.516
0.45
0.594
0.596
0.5
0.484
0.52
0.656
0.654
0.292
0.408
0.494
0.534
0.462
0.55
0.678
0.686
0.556
0.65
0.254
0.38
0.506
0.36
0.766
0.322
0.378
0.352
0.696
0.462
0.246
0.706
0.712
0.51
0.438
0.774
0.686
0.54
0.494
0.49
0.472
0.812
0.624
0.52
0.296
0.424
0.478
0.41
0.344
0.412
0.544
0.574
0.516
0.772
0.614
0.498
0.262
0.496
0.414
0.588
0.61
0.588
0.76
0.65
0.326
0.37
0.496
0.822
0.622
0.512
0.32
0.434
0.458
0.874
0.638
0.526
0.348
0.482
0.46
0.764
0.7
0.472
0.412
0.764
0.348
0.384
0.64
0.554
0.696
0.662
0.504
0.414
0.428
0.626
0.798
0.706
0.576
0.444
0.38
0.386
0.358
0.526
0.534
0.564
0.578
0.488
0.58
0.482
0.368
0.448
0.434
0.472
0.51
0.614
0.27
0.468
0.464
0.546
0.552
0.458
0.796
0.738
0.416
0.512
0.48
0.458
0.49
0.622
0.292
0.406
0.458
0.426
0.47
0.506
0.592
0.3
0.392
0.446
0.418
0.504
0.494
0.564
0.316
0.374
0.354
0.43
0.41
0.498
0.608
0.27
0.704
0.632
0.65
0.292
0.362
0.538
0.542
0.52
0.558
0.398
0.386
0.376
0.4
0.414
0.366
0.434
0.774
0.748
0.772
0.712
0.466
0.386
0.628
0.556
0.444
0.444
0.492
0.504
0.64
0.746
0.56
0.488
0.85
0.652
0.486
0.454
0.472
0.602
0.726
0.712
0.426
0.296
0.416
0.722
0.646
0.432
0.404
0.396
0.642
0.342
0.296
0.462
0.434
0.548
0.546
0.748
0.634
0.706
0.526
0.634
0.782
0.578
0.694
0.774
0.334
0.438
0.46
0.626
0.76
0.66
0.734
0.576
0.85
0.83
0.868
0.56
0.586
0.524
0.666
0.242
0.304
0.476
0.414
0.578
0.462
0.41
0.31
0.61
0.654
0.518
0.56
0.626
0.778
0.678
0.72
0.528
0.57
0.516
0.49
0.464
0.424
0.536
0.582
0.722
0.534
0.496
0.518
0.428
0.786
0.698
0.72
0.592
0.604
0.38
0.412
0.44
0.462
0.484
0.602
0.278
0.408
0.414
0.37
0.722
0.636
0.69
0.592
0.538
0.58
0.47
0.35
0.578
0.67
0.248
0.368
0.614
0.642
0.832
0.43
0.802
0.776
0.454
0.47
0.576
0.452
0.476
0.53
0.558
0.49
0.47
0.616
0.442
0.542
0.502
0.518
0.462
0.544
0.288
0.56
0.708
0.69
0.31
0.452
0.438
0.664
0.28
0.328
0.492
0.394
0.592
0.42
0.4
0.346
0.678
0.682
0.56
0.448
0.43
0.358
0.432
0.48
0.466
0.502
0.46
0.6
0.278
0.202
0.354
0.532
0.49
0.646
0.3
0.648
0.596
0.47
0.588
0.564
0.48
0.558
0.466
0.562
0.366
0.382
0.876
0.222
0.91
0.338
0.404
0.63
0.404
0.4
0.352
0.574
0.386
0.602
0.354
0.254
0.298
0.408
0.484
0.496
0.48
0.53
0.578
0.302
0.538
0.542
0.556
0.582
0.596
0.538
0.502
0.462
0.496
0.644
0.52
0.636
0.804
0.694
0.63
0.622
0.508
0.486
0.412
0.364
0.444
0.704
0.422
0.402
0.428
0.43
0.538
0.64
0.302
0.244
0.354
0.352
0.56
0.494
0.566
0.53
0.43
0.702
0.676
0.746
0.542
0.438
0.79
0.712
0.508
0.824
0.604
0.514
0.302
0.48
0.362
0.326
0.62
0.638
0.502
0.382
0.478
0.902
0.856
0.572
0.552
0.548
0.71
0.3
0.32
0.346
0.4
0.346
0.522
0.604
0.84
0.63
0.644
0.492
0.502
0.812
0.598
0.526
0.268
0.434
0.678
0.768
0.622
0.634
0.692
0.824
0.284
0.408
0.554
0.56
0.628
0.804
0.6
0.636
0.802
0.392
0.426
0.35
0.568
0.786
0.602
0.528
0.31
0.478
0.57
0.778
0.404
0.774
0.766
0.542
0.522
0.504
0.358
0.588
0.566
0.574
0.71
0.814
0.456
0.362
0.332
0.558
0.51
0.41
0.474
0.488
0.57
0.53
0.566
0.442
0.468
0.53
0.612
0.808
0.666
0.56
0.616
0.538
0.61
0.812
0.606
0.756
0.444
0.334
0.382
0.526
0.516
0.702
0.67
0.592
0.616
0.622
0.464
0.78
0.564
0.638
0.788
0.588
0.54
0.532
0.632
0.648
0.788
0.554
0.754
0.582
0.544
0.262
0.44
0.26
0.248
0.342
0.492
0.546
0.678
0.25
0.578
0.648
0.816
0.6
0.552
0.684
0.618
0.646
0.404
0.452
0.596
0.74
0.598
0.4
0.47
0.626
0.406
0.494
0.582
0.762
0.672
0.378
0.506
0.568
0.408
0.448
0.596
0.764
0.572
0.77
0.612
0.384
0.472
0.592
0.5
0.572
0.672
0.704
0.598
0.396
0.538
0.498
0.404
0.672
0.502
0.42
0.378
0.404
0.372
0.372
0.598
0.36
0.49
0.402
0.424
0.428
0.516
0.44
0.516
0.292
0.612
0.656
0.482
0.584
0.748
0.628
0.678
0.54
0.538
0.62
0.81
0.558
0.486
0.582
0.458
0.376
0.618
0.624
0.746
0.69
0.358
0.5
0.592
0.752
0.576
0.74
0.612
0.754
0.61
0.362
0.472
0.692
0.414
0.502
0.552
0.658
0.768
0.61
0.734
0.588
0.784
0.65
0.398
0.46
0.608
0.376
0.464
0.63
0.462
0.51
0.594
0.392
0.452
0.344
0.396
0.386
0.668
0.638
0.408
0.66
0.398
0.512
0.462
0.458
0.376
0.642
0.646
0.538
0.656
0.654
0.498
0.482
0.438
0.636
0.578
0.37
0.444
0.59
0.616
0.78
0.6
0.38
0.422
0.648
0.684
0.54
0.658
0.502
0.666
0.57
0.402
0.416
0.402
0.346
0.472
0.438
0.702
0.632
0.416
0.438
0.396
0.394
0.396
0.59
0.52
0.52
0.406
0.384
0.33
0.242
0.554
0.838
0.83
0.848
0.896
0.42
0.536
0.452
0.474
0.432
0.394
0.658
0.618
0.418
0.416
0.428
0.394
0.396
0.394
0.5
0.676
0.274
0.336
0.328
0.402
0.454
0.48
0.648
0.266
0.476
0.448
0.314
0.58
0.752
0.372
0.358
0.37
0.494
0.556
0.452
0.622
0.466
0.558
0.358
0.358
0.338
0.346
0.538
0.506
0.336
0.334
0.552
0.75
0.63
0.756
0.438
0.46
0.622
0.75
0.36
0.356
0.314
0.352
0.374
0.354
0.374
0.344
0.322
0.33
0.626
0.782
0.404
0.358
0.368
0.376
0.332
0.63
0.3
0.348
0.338
0.362
0.45
0.622
0.546
0.368
0.372
0.312
0.344
0.35
0.36
0.728
0.356
0.346
0.618
0.316
0.322
0.354
0.386
0.334
0.476
0.372
0.582
0.378
0.338
0.644
0.258
0.296
0.444
0.34
0.568
0.344
0.338
0.356
0.338
0.474
0.438
0.38
0.486
0.372
0.57
0.386
0.374
0.352
0.344
0.642
0.308
0.326
0.328
0.298
0.598
0.734
0.598
0.744
0.482
0.452
0.574
0.348
0.348
