0.038282775
0.0096714
0.004766685
0.00229256
0.001471821
0.00125679925
0.0010659305
0.0008882155
0.0008473825
0.0007529645
0.000929847
0.0008472735
0.00100481375
0.00087355475
0.0007940225
0.00078589325
0.0008248785
0.00076371625
0.00068385825
0.0006795765
0.000846862
0.0007130205
0.0009651535
0.000635617
0.00085436525
0.00075611775
0.000709084
0.000801127
0.0007931325
0.0007974175
0.000759339
0.000903527
0.000735676
0.00083372125
0.000763294
0.00067512075
0.0008454735
0.00088281725
0.00082583575
0.0008875645
0.0008547005
0.00076961925
0.000782869
0.000798922
0.00083217275
0.0008009245
0.0009698195
0.00071415
0.00065578325
0.00081679825
0.00087860375
0.0008477065
0.000774442
0.00079352075
0.0008540115
0.00077766125
0.00081611
0.00079603275
0.000685557
0.0008144935
0.000686981
0.00084753525
0.00083680525
0.00095419675
0.00096882225
0.0007430105
0.00088580025
0.0007974315
0.000600746
0.00098785175
0.00096556875
0.000892373
0.0007280365
0.00093493575
0.0008193575
0.00086705425
0.0007611595
0.00095766425
0.00087164125
0.00093563625
0.0008182595
0.000784958
0.000674087
0.000710035
0.000742216
0.000680091
0.000713712
0.000795253
0.000791691
0.00078647325
0.00081917925
0.00071246875
0.00073699325
0.0006403475
0.0007444775
0.00070951075
0.0007553645
0.000732235
0.0006397415
0.00080465775
