n0.prob[1] 1 2000
n0.prob[2] 2001 4000
n1.prob[1] 4001 6000
n1.prob[2] 6001 8000
n2.prob[1,1] 8001 10000
n2.prob[2,1] 10001 12000
n2.prob[1,2] 12001 14000
n2.prob[2,2] 14001 16000
n3.prob[1,1,1] 16001 18000
n3.prob[2,1,1] 18001 20000
n3.prob[1,2,1] 20001 22000
n3.prob[2,2,1] 22001 24000
n3.prob[1,1,2] 24001 26000
n3.prob[2,1,2] 26001 28000
n3.prob[1,2,2] 28001 30000
n3.prob[2,2,2] 30001 32000
n3.prob[1,1,3] 32001 34000
n3.prob[2,1,3] 34001 36000
n3.prob[1,2,3] 36001 38000
n3.prob[2,2,3] 38001 40000
n4.prob[1,1] 40001 42000
n4.prob[2,1] 42001 44000
n4.prob[3,1] 44001 46000
n4.prob[1,2] 46001 48000
n4.prob[2,2] 48001 50000
n4.prob[3,2] 50001 52000
