1  0.607162
2  0.662289
3  0.688054
4  0.6936
5  0.698229
6  0.699144
7  0.705375
8  0.701263
9  0.708119
10  0.704875
11  0.705871
12  0.707355
13  0.70855
14  0.703794
15  0.704506
16  0.703569
17  0.706298
18  0.705001
19  0.704328
20  0.705592
21  0.705847
22  0.702735
23  0.704352
24  0.703515
25  0.704765
26  0.706004
27  0.701503
28  0.70771
29  0.702159
30  0.703809
31  0.703831
32  0.705647
33  0.705173
34  0.707854
35  0.705135
36  0.707092
37  0.707287
38  0.710192
39  0.707614
40  0.704996
41  0.703704
42  0.708681
43  0.707243
44  0.706
45  0.70778
46  0.706079
47  0.702931
48  0.703949
49  0.704083
50  0.705731
51  0.703858
52  0.705326
53  0.705491
54  0.704519
55  0.701481
56  0.708548
57  0.704919
58  0.707168
59  0.707431
60  0.703767
61  0.704575
62  0.704166
63  0.707355
64  0.706637
65  0.70381
66  0.70937
67  0.705772
68  0.712368
69  0.706493
70  0.706163
71  0.706663
72  0.704696
73  0.705764
74  0.707225
75  0.701057
76  0.704886
77  0.707117
78  0.707025
79  0.702555
80  0.706637
81  0.702929
82  0.704335
83  0.703282
84  0.705399
85  0.707459
86  0.705354
87  0.703772
88  0.706023
89  0.705077
90  0.699645
91  0.70361
92  0.705503
93  0.707898
94  0.709015
95  0.702047
96  0.702985
97  0.704648
98  0.705871
99  0.707415
100  0.706905
101  0.702536
102  0.700725
103  0.705105
104  0.703316
105  0.703609
106  0.707179
107  0.709534
108  0.705193
109  0.702983
110  0.702689
111  0.706564
112  0.70764
113  0.706899
114  0.709191
115  0.708784
116  0.707891
117  0.711593
118  0.707113
119  0.706121
120  0.706117
121  0.708666
122  0.705603
123  0.707062
124  0.70664
125  0.706694
126  0.701918
127  0.703808
128  0.706907
129  0.701606
130  0.705501
131  0.702516
132  0.705201
133  0.70064
134  0.703175
135  0.706424
136  0.706806
137  0.704677
138  0.709159
139  0.704153
140  0.702954
141  0.70283
142  0.703134
143  0.700135
144  0.706181
145  0.702062
146  0.704693
147  0.708765
148  0.709344
149  0.708396
150  0.707375
151  0.70432
152  0.701961
153  0.703177
154  0.704908
155  0.703786
156  0.703691
157  0.703243
158  0.703355
159  0.702675
160  0.705458
161  0.704056
162  0.70684
163  0.705296
164  0.706625
165  0.710973
166  0.704175
167  0.707944
168  0.705976
169  0.705642
170  0.705706
171  0.707492
172  0.699954
173  0.704441
174  0.704353
175  0.707458
176  0.70828
177  0.708419
178  0.709626
179  0.705858
180  0.709018
181  0.704858
182  0.706277
183  0.709941
184  0.709062
185  0.710275
186  0.707609
187  0.709865
188  0.709069
189  0.70638
190  0.709616
191  0.705368
192  0.704953
193  0.706254
194  0.710955
195  0.706672
196  0.707601
197  0.707208
198  0.70491
199  0.705002
200  0.704102
1  0.392838
2  0.337711
3  0.311946
4  0.3064
5  0.301771
6  0.300856
7  0.294625
8  0.298737
9  0.291881
10  0.295125
11  0.294129
12  0.292645
13  0.29145
14  0.296206
15  0.295494
16  0.296431
17  0.293702
18  0.294999
19  0.295672
20  0.294408
21  0.294153
22  0.297265
23  0.295648
24  0.296485
25  0.295235
26  0.293996
27  0.298497
28  0.29229
29  0.297841
30  0.296191
31  0.296169
32  0.294353
33  0.294827
34  0.292146
35  0.294865
36  0.292908
37  0.292713
38  0.289808
39  0.292386
40  0.295004
41  0.296296
42  0.291319
43  0.292757
44  0.294
45  0.29222
46  0.293921
47  0.297069
48  0.296051
49  0.295917
50  0.294269
51  0.296142
52  0.294674
53  0.294509
54  0.295481
55  0.298519
56  0.291452
57  0.295081
58  0.292832
59  0.292569
60  0.296233
61  0.295425
62  0.295834
63  0.292645
64  0.293363
65  0.29619
66  0.29063
67  0.294228
68  0.287632
69  0.293507
70  0.293837
71  0.293337
72  0.295304
73  0.294236
74  0.292775
75  0.298943
76  0.295114
77  0.292883
78  0.292975
79  0.297445
80  0.293363
81  0.297071
82  0.295665
83  0.296718
84  0.294601
85  0.292541
86  0.294646
87  0.296228
88  0.293977
89  0.294923
90  0.300355
91  0.29639
92  0.294497
93  0.292102
94  0.290985
95  0.297953
96  0.297015
97  0.295352
98  0.294129
99  0.292585
100  0.293095
101  0.297464
102  0.299275
103  0.294895
104  0.296684
105  0.296391
106  0.292821
107  0.290466
108  0.294807
109  0.297017
110  0.297311
111  0.293436
112  0.29236
113  0.293101
114  0.290809
115  0.291216
116  0.292109
117  0.288407
118  0.292887
119  0.293879
120  0.293883
121  0.291334
122  0.294397
123  0.292938
124  0.29336
125  0.293306
126  0.298082
127  0.296192
128  0.293093
129  0.298394
130  0.294499
131  0.297484
132  0.294799
133  0.29936
134  0.296825
135  0.293576
136  0.293194
137  0.295323
138  0.290841
139  0.295847
140  0.297046
141  0.29717
142  0.296866
143  0.299865
144  0.293819
145  0.297938
146  0.295307
147  0.291235
148  0.290656
149  0.291604
150  0.292625
151  0.29568
152  0.298039
153  0.296823
154  0.295092
155  0.296214
156  0.296309
157  0.296757
158  0.296645
159  0.297325
160  0.294542
161  0.295944
162  0.29316
163  0.294704
164  0.293375
165  0.289027
166  0.295825
167  0.292056
168  0.294024
169  0.294358
170  0.294294
171  0.292508
172  0.300046
173  0.295559
174  0.295647
175  0.292542
176  0.29172
177  0.291581
178  0.290374
179  0.294142
180  0.290982
181  0.295142
182  0.293723
183  0.290059
184  0.290938
185  0.289725
186  0.292391
187  0.290135
188  0.290931
189  0.29362
190  0.290384
191  0.294632
192  0.295047
193  0.293746
194  0.289045
195  0.293328
196  0.292399
197  0.292792
198  0.29509
199  0.294998
200  0.295898
1  0.556698
2  0.583518
3  0.597246
4  0.602573
5  0.600543
6  0.601705
7  0.601526
8  0.600692
9  0.596853
10  0.599884
11  0.600942
12  0.601638
13  0.600585
14  0.599942
15  0.601608
16  0.602526
17  0.606054
18  0.605614
19  0.60543
20  0.602815
21  0.602673
22  0.601724
23  0.601793
24  0.600898
25  0.601008
26  0.599081
27  0.600638
28  0.60229
29  0.602065
30  0.602597
31  0.600263
32  0.601002
33  0.601006
34  0.60544
35  0.602182
36  0.606765
37  0.606364
38  0.605594
39  0.607605
40  0.605634
41  0.604669
42  0.602627
43  0.603209
44  0.603837
45  0.603739
46  0.600821
47  0.606551
48  0.605688
49  0.601894
50  0.604791
51  0.604264
52  0.603566
53  0.604869
54  0.602567
55  0.603897
56  0.604065
57  0.602547
58  0.602313
59  0.604921
60  0.601966
61  0.600782
62  0.603854
63  0.60203
64  0.607286
65  0.61015
66  0.608851
67  0.609133
68  0.604841
69  0.601345
70  0.598131
71  0.597771
72  0.602365
73  0.603605
74  0.600266
75  0.601514
76  0.600136
77  0.599818
78  0.60113
79  0.604796
80  0.604569
81  0.604317
82  0.602431
83  0.604065
84  0.610687
85  0.607382
86  0.606899
87  0.601307
88  0.598376
89  0.596593
90  0.597411
91  0.599372
92  0.603885
93  0.604717
94  0.607055
95  0.601919
96  0.598729
97  0.594451
98  0.599249
99  0.599375
100  0.596008
101  0.600128
102  0.601113
103  0.601625
104  0.604555
105  0.605274
106  0.609927
107  0.609654
108  0.601239
109  0.606708
110  0.606222
111  0.606682
112  0.600153
113  0.598861
114  0.605295
115  0.604554
116  0.600978
117  0.603042
118  0.604188
119  0.602366
120  0.597361
121  0.602032
122  0.602182
123  0.60199
124  0.598188
125  0.599771
126  0.606218
127  0.601258
128  0.60214
129  0.602089
130  0.600573
131  0.603911
132  0.602292
133  0.597883
134  0.603162
135  0.60694
136  0.60533
137  0.603456
138  0.602003
139  0.60073
140  0.600473
141  0.603708
142  0.604608
143  0.598022
144  0.603213
145  0.608429
146  0.600183
147  0.601456
148  0.60181
149  0.606594
150  0.601784
151  0.60018
152  0.598966
153  0.601991
154  0.603454
155  0.602816
156  0.603439
157  0.60766
158  0.608449
159  0.606684
160  0.60672
161  0.609907
162  0.608203
163  0.607452
164  0.607661
165  0.602998
166  0.6036
167  0.603791
168  0.60529
169  0.599612
170  0.604143
171  0.603833
172  0.603581
173  0.605177
174  0.601132
175  0.604655
176  0.604569
177  0.6024
178  0.605347
179  0.606093
180  0.602981
181  0.606402
182  0.604984
183  0.605118
184  0.60573
185  0.600933
186  0.598674
187  0.602369
188  0.605395
189  0.609255
190  0.601245
191  0.60571
192  0.606371
193  0.60495
194  0.605474
195  0.604802
196  0.603245
197  0.605235
198  0.605539
199  0.60421
200  0.599736
1  0.443302
2  0.416482
3  0.402754
4  0.397427
5  0.399457
6  0.398295
7  0.398474
8  0.399308
9  0.403147
10  0.400116
11  0.399058
12  0.398362
13  0.399415
14  0.400058
15  0.398392
16  0.397474
17  0.393946
18  0.394386
19  0.39457
20  0.397185
21  0.397327
22  0.398276
23  0.398207
24  0.399102
25  0.398992
26  0.400919
27  0.399362
28  0.39771
29  0.397935
30  0.397403
31  0.399737
32  0.398998
33  0.398994
34  0.39456
35  0.397818
36  0.393235
37  0.393636
38  0.394406
39  0.392395
40  0.394366
41  0.395331
42  0.397373
43  0.396791
44  0.396163
45  0.396261
46  0.399179
47  0.393449
48  0.394312
49  0.398106
50  0.395209
51  0.395736
52  0.396434
53  0.395131
54  0.397433
55  0.396103
56  0.395935
57  0.397453
58  0.397687
59  0.395079
60  0.398034
61  0.399218
62  0.396146
63  0.39797
64  0.392714
65  0.38985
66  0.391149
67  0.390867
68  0.395159
69  0.398655
70  0.401869
71  0.402229
72  0.397635
73  0.396395
74  0.399734
75  0.398486
76  0.399864
77  0.400182
78  0.39887
79  0.395204
80  0.395431
81  0.395683
82  0.397569
83  0.395935
84  0.389313
85  0.392618
86  0.393101
87  0.398693
88  0.401624
89  0.403407
90  0.402589
91  0.400628
92  0.396115
93  0.395283
94  0.392945
95  0.398081
96  0.401271
97  0.405549
98  0.400751
99  0.400625
100  0.403992
101  0.399872
102  0.398887
103  0.398375
104  0.395445
105  0.394726
106  0.390073
107  0.390346
108  0.398761
109  0.393292
110  0.393778
111  0.393318
112  0.399847
113  0.401139
114  0.394705
115  0.395446
116  0.399022
117  0.396958
118  0.395812
119  0.397634
120  0.402639
121  0.397968
122  0.397818
123  0.39801
124  0.401812
125  0.400229
126  0.393782
127  0.398742
128  0.39786
129  0.397911
130  0.399427
131  0.396089
132  0.397708
133  0.402117
134  0.396838
135  0.39306
136  0.39467
137  0.396544
138  0.397997
139  0.39927
140  0.399527
141  0.396292
142  0.395392
143  0.401978
144  0.396787
145  0.391571
146  0.399817
147  0.398544
148  0.39819
149  0.393406
150  0.398216
151  0.39982
152  0.401034
153  0.398009
154  0.396546
155  0.397184
156  0.396561
157  0.39234
158  0.391551
159  0.393316
160  0.39328
161  0.390093
162  0.391797
163  0.392548
164  0.392339
165  0.397002
166  0.3964
167  0.396209
168  0.39471
169  0.400388
170  0.395857
171  0.396167
172  0.396419
173  0.394823
174  0.398868
175  0.395345
176  0.395431
177  0.3976
178  0.394653
179  0.393907
180  0.397019
181  0.393598
182  0.395016
183  0.394882
184  0.39427
185  0.399067
186  0.401326
187  0.397631
188  0.394605
189  0.390745
190  0.398755
191  0.39429
192  0.393629
193  0.39505
194  0.394526
195  0.395198
196  0.396755
197  0.394765
198  0.394461
199  0.39579
200  0.400264
1  0.850573
2  0.903454
3  0.928486
4  0.939285
5  0.942319
6  0.94596
7  0.946983
8  0.943715
9  0.949473
10  0.947194
11  0.944378
12  0.942282
13  0.946274
14  0.945801
15  0.943165
16  0.951462
17  0.946232
18  0.944504
19  0.946492
20  0.947741
21  0.950683
22  0.949146
23  0.94764
24  0.944009
25  0.944705
26  0.944775
27  0.942977
28  0.946522
29  0.946194
30  0.945601
31  0.948774
32  0.947821
33  0.94587
34  0.945375
35  0.948597
36  0.947983
37  0.948644
38  0.949233
39  0.948479
40  0.945159
41  0.947366
42  0.948018
43  0.943062
44  0.942643
45  0.946768
46  0.945799
47  0.95028
48  0.946152
49  0.94789
50  0.946092
51  0.946299
52  0.94688
53  0.945876
54  0.946952
55  0.944298
56  0.945347
57  0.94812
58  0.947235
59  0.944977
60  0.945414
61  0.947179
62  0.945751
63  0.947648
64  0.946814
65  0.945637
66  0.944402
67  0.946213
68  0.94365
69  0.945611
70  0.947836
71  0.943658
72  0.946251
73  0.944468
74  0.944237
75  0.948211
76  0.944278
77  0.94462
78  0.945739
79  0.947124
80  0.945793
81  0.94453
82  0.946908
83  0.946264
84  0.945848
85  0.944259
86  0.943802
87  0.947959
88  0.947992
89  0.94802
90  0.946968
91  0.948002
92  0.945851
93  0.947285
94  0.945624
95  0.94712
96  0.945762
97  0.942982
98  0.948036
99  0.944827
100  0.945143
101  0.943397
102  0.943408
103  0.946443
104  0.944522
105  0.946779
106  0.946189
107  0.94543
108  0.943008
109  0.947992
110  0.945911
111  0.948809
112  0.946399
113  0.949356
114  0.945686
115  0.946088
116  0.942879
117  0.943761
118  0.943165
119  0.944746
120  0.94589
121  0.942241
122  0.945301
123  0.941443
124  0.944083
125  0.943889
126  0.941091
127  0.945373
128  0.9462
129  0.946163
130  0.944618
131  0.948098
132  0.949317
133  0.947105
134  0.946615
135  0.946357
136  0.942486
137  0.945465
138  0.943888
139  0.946718
140  0.946416
141  0.947709
142  0.946962
143  0.943947
144  0.946907
145  0.946988
146  0.948416
147  0.944525
148  0.944797
149  0.948375
150  0.949284
151  0.946064
152  0.947501
153  0.946315
154  0.945215
155  0.945054
156  0.947909
157  0.945421
158  0.944081
159  0.946337
160  0.94887
161  0.94738
162  0.944289
163  0.940512
164  0.943835
165  0.94173
166  0.944562
167  0.944321
168  0.946618
169  0.94627
170  0.946687
171  0.945484
172  0.945722
173  0.947168
174  0.94881
175  0.945962
176  0.945256
177  0.945142
178  0.948697
179  0.94505
180  0.943916
181  0.947914
182  0.948212
183  0.945006
184  0.942225
185  0.945281
186  0.944339
187  0.946288
188  0.944868
189  0.942529
190  0.945373
191  0.944709
192  0.942739
193  0.943476
194  0.941933
195  0.941518
196  0.942247
197  0.945167
198  0.945959
199  0.946729
200  0.947243
1  0.54125
2  0.374641
3  0.286263
4  0.237125
5  0.224522
6  0.208173
7  0.199214
8  0.200633
9  0.190479
10  0.186334
11  0.192934
12  0.19703
13  0.197311
14  0.187436
15  0.186405
16  0.184413
17  0.200527
18  0.188351
19  0.196982
20  0.185523
21  0.191531
22  0.186196
23  0.201042
24  0.188632
25  0.191928
26  0.187919
27  0.190149
28  0.195847
29  0.194407
30  0.19251
31  0.195471
32  0.184389
33  0.194056
34  0.19968
35  0.190873
36  0.187104
37  0.187519
38  0.182403
39  0.192739
40  0.190645
41  0.19166
42  0.18871
43  0.184951
44  0.194443
45  0.197877
46  0.200272
47  0.197125
48  0.195318
49  0.2022
50  0.203026
51  0.201448
52  0.197168
53  0.197611
54  0.208952
55  0.202733
56  0.189433
57  0.18707
58  0.190455
59  0.19639
60  0.196704
61  0.188243
62  0.195937
63  0.188326
64  0.191301
65  0.19579
66  0.18915
67  0.189509
68  0.199229
69  0.194222
70  0.186462
71  0.18355
72  0.191647
73  0.192874
74  0.18835
75  0.191551
76  0.187947
77  0.199194
78  0.185202
79  0.189249
80  0.192147
81  0.195324
82  0.178144
83  0.190148
84  0.194646
85  0.202114
86  0.186594
87  0.19385
88  0.19887
89  0.200757
90  0.196922
91  0.187605
92  0.176504
93  0.183619
94  0.185969
95  0.185926
96  0.185803
97  0.195895
98  0.18958
99  0.189614
100  0.197592
101  0.195735
102  0.204548
103  0.190109
104  0.188729
105  0.199879
106  0.191842
107  0.203497
108  0.201323
109  0.199642
110  0.190525
111  0.190478
112  0.188742
113  0.186923
114  0.192318
115  0.19225
116  0.19297
117  0.201489
118  0.193548
119  0.195081
120  0.202695
121  0.189858
122  0.187445
123  0.190779
124  0.193828
125  0.18782
126  0.188945
127  0.201513
128  0.201026
129  0.201946
130  0.199262
131  0.197793
132  0.191629
133  0.188324
134  0.186057
135  0.184154
136  0.201925
137  0.199627
138  0.197849
139  0.198976
140  0.198329
141  0.181914
142  0.187361
143  0.196715
144  0.208059
145  0.199943
146  0.196346
147  0.189668
148  0.186789
149  0.189746
150  0.18712
151  0.199891
152  0.194838
153  0.19314
154  0.199062
155  0.190104
156  0.185549
157  0.188928
158  0.192353
159  0.195541
160  0.196186
161  0.199684
162  0.18907
163  0.194632
164  0.192138
165  0.19515
166  0.203612
167  0.199189
168  0.188627
169  0.195683
170  0.201153
171  0.194842
172  0.195667
173  0.192652
174  0.195077
175  0.18209
176  0.189292
177  0.18665
178  0.187803
179  0.183082
180  0.191156
181  0.191821
182  0.19345
183  0.19258
184  0.183278
185  0.198743
186  0.18482
187  0.195266
188  0.199437
189  0.189006
190  0.185049
191  0.189921
192  0.19355
193  0.191936
194  0.199314
195  0.197937
196  0.197089
197  0.194791
198  0.189333
199  0.186001
200  0.192662
1  0.149427
2  0.096546
3  0.071514
4  0.0607153
5  0.0576809
6  0.0540401
7  0.0530169
8  0.0562852
9  0.0505265
10  0.0528059
11  0.0556216
12  0.057718
13  0.0537265
14  0.0541994
15  0.0568347
16  0.0485377
17  0.0537683
18  0.0554961
19  0.0535076
20  0.0522589
21  0.0493167
22  0.0508538
23  0.0523598
24  0.0559911
25  0.055295
26  0.0552247
27  0.0570234
28  0.053478
29  0.053806
30  0.0543988
31  0.0512257
32  0.0521794
33  0.0541301
34  0.054625
35  0.0514028
36  0.0520167
37  0.0513559
38  0.050767
39  0.0515206
40  0.0548406
41  0.0526342
42  0.0519821
43  0.0569377
44  0.0573567
45  0.0532317
46  0.0542008
47  0.0497204
48  0.0538482
49  0.0521098
50  0.053908
51  0.0537013
52  0.0531195
53  0.054124
54  0.0530483
55  0.055702
56  0.0546529
57  0.0518799
58  0.0527648
59  0.0550227
60  0.054586
61  0.0528209
62  0.0542489
63  0.0523522
64  0.0531863
65  0.0543625
66  0.0555983
67  0.0537865
68  0.0563501
69  0.0543889
70  0.0521644
71  0.0563419
72  0.0537488
73  0.0555325
74  0.055763
75  0.0517886
76  0.0557224
77  0.0553795
78  0.0542606
79  0.0528762
80  0.0542069
81  0.0554697
82  0.0530917
83  0.0537363
84  0.0541519
85  0.0557408
86  0.0561981
87  0.0520406
88  0.0520085
89  0.0519799
90  0.0530323
91  0.0519984
92  0.054149
93  0.0527149
94  0.0543756
95  0.0528801
96  0.0542379
97  0.0570184
98  0.0519641
99  0.0551727
100  0.0548575
101  0.0566031
102  0.0565921
103  0.0535572
104  0.0554778
105  0.0532215
106  0.0538113
107  0.0545696
108  0.0569924
109  0.052008
110  0.054089
111  0.051191
112  0.0536008
113  0.050644
114  0.0543136
115  0.0539117
116  0.0571214
117  0.0562389
118  0.056835
119  0.0552545
120  0.0541098
121  0.0577588
122  0.0546991
123  0.0585572
124  0.0559173
125  0.0561111
126  0.0589092
127  0.0546271
128  0.0537998
129  0.0538371
130  0.0553819
131  0.0519024
132  0.0506832
133  0.0528953
134  0.0533853
135  0.0536429
136  0.0575143
137  0.0545349
138  0.0561125
139  0.0532819
140  0.0535837
141  0.0522913
142  0.053038
143  0.0560533
144  0.0530929
145  0.0530122
146  0.0515839
147  0.055475
148  0.0552025
149  0.0516254
150  0.0507156
151  0.0539359
152  0.0524992
153  0.0536851
154  0.0547855
155  0.0549458
156  0.0520911
157  0.0545786
158  0.0559187
159  0.0536629
160  0.0511302
161  0.0526197
162  0.0557115
163  0.0594875
164  0.0561649
165  0.0582697
166  0.0554381
167  0.0556787
168  0.0533823
169  0.0537302
170  0.0533131
171  0.0545164
172  0.054278
173  0.052832
174  0.0511897
175  0.0540377
176  0.0547437
177  0.054858
178  0.0513025
179  0.0549504
180  0.0560842
181  0.0520862
182  0.0517879
183  0.0549943
184  0.0577747
185  0.0547185
186  0.0556608
187  0.0537121
188  0.0551325
189  0.0574711
190  0.0546272
191  0.0552907
192  0.057261
193  0.0565245
194  0.0580674
195  0.0584816
196  0.057753
197  0.054833
198  0.0540407
199  0.0532711
200  0.0527566
1  0.45875
2  0.625359
3  0.713737
4  0.762875
5  0.775478
6  0.791827
7  0.800786
8  0.799367
9  0.809521
10  0.813666
11  0.807066
12  0.80297
13  0.802689
14  0.812564
15  0.813595
16  0.815587
17  0.799473
18  0.811649
19  0.803018
20  0.814477
21  0.808469
22  0.813804
23  0.798958
24  0.811368
25  0.808072
26  0.812081
27  0.809851
28  0.804153
29  0.805593
30  0.80749
31  0.804529
32  0.815611
33  0.805944
34  0.80032
35  0.809127
36  0.812896
37  0.812481
38  0.817597
39  0.807261
40  0.809355
41  0.80834
42  0.81129
43  0.815049
44  0.805557
45  0.802123
46  0.799728
47  0.802875
48  0.804682
49  0.7978
50  0.796974
51  0.798552
52  0.802832
53  0.802389
54  0.791048
55  0.797267
56  0.810567
57  0.81293
58  0.809545
59  0.80361
60  0.803296
61  0.811757
62  0.804063
63  0.811674
64  0.808699
65  0.80421
66  0.81085
67  0.810491
68  0.800771
69  0.805778
70  0.813538
71  0.81645
72  0.808353
73  0.807126
74  0.81165
75  0.808449
76  0.812053
77  0.800806
78  0.814798
79  0.810751
80  0.807853
81  0.804676
82  0.821856
83  0.809852
84  0.805354
85  0.797886
86  0.813406
87  0.80615
88  0.80113
89  0.799243
90  0.803078
91  0.812395
92  0.823496
93  0.816381
94  0.814031
95  0.814074
96  0.814197
97  0.804105
98  0.81042
99  0.810386
100  0.802408
101  0.804265
102  0.795452
103  0.809891
104  0.811271
105  0.800121
106  0.808158
107  0.796503
108  0.798677
109  0.800358
110  0.809475
111  0.809522
112  0.811258
113  0.813077
114  0.807682
115  0.80775
116  0.80703
117  0.798511
118  0.806452
119  0.804919
120  0.797305
121  0.810142
122  0.812555
123  0.809221
124  0.806172
125  0.81218
126  0.811055
127  0.798487
128  0.798974
129  0.798054
130  0.800738
131  0.802207
132  0.808371
133  0.811676
134  0.813943
135  0.815846
136  0.798075
137  0.800373
138  0.802151
139  0.801024
140  0.801671
141  0.818086
142  0.812639
143  0.803285
144  0.791941
145  0.800057
146  0.803654
147  0.810332
148  0.813211
149  0.810254
150  0.81288
151  0.800109
152  0.805162
153  0.80686
154  0.800938
155  0.809896
156  0.814451
157  0.811072
158  0.807647
159  0.804459
160  0.803814
161  0.800316
162  0.81093
163  0.805368
164  0.807862
165  0.80485
166  0.796388
167  0.800811
168  0.811373
169  0.804317
170  0.798847
171  0.805158
172  0.804333
173  0.807348
174  0.804923
175  0.81791
176  0.810708
177  0.81335
178  0.812197
179  0.816918
180  0.808844
181  0.808179
182  0.80655
183  0.80742
184  0.816722
185  0.801257
186  0.81518
187  0.804734
188  0.800563
189  0.810994
190  0.814951
191  0.810079
192  0.80645
193  0.808064
194  0.800686
195  0.802063
196  0.802911
197  0.805209
198  0.810667
199  0.813999
200  0.807338
1  0.321498
2  0.306037
3  0.2911
4  0.295494
5  0.28939
6  0.292579
7  0.293999
8  0.294683
9  0.300572
10  0.297402
11  0.295088
12  0.299683
13  0.304909
14  0.303466
15  0.303627
16  0.291358
17  0.297114
18  0.297171
19  0.30041
20  0.302516
21  0.2941
22  0.292039
23  0.298596
24  0.29672
25  0.296936
26  0.296268
27  0.290859
28  0.297615
29  0.293403
30  0.301536
31  0.29668
32  0.29364
33  0.294907
34  0.293406
35  0.294275
36  0.299636
37  0.296584
38  0.294427
39  0.296069
40  0.297738
41  0.29227
42  0.293088
43  0.293701
44  0.290658
45  0.283871
46  0.294685
47  0.296264
48  0.291751
49  0.291969
50  0.29349
51  0.289675
52  0.285318
53  0.285372
54  0.284923
55  0.282076
56  0.282443
57  0.287919
58  0.29878
59  0.294046
60  0.297547
61  0.310714
62  0.302047
63  0.295505
64  0.290995
65  0.289804
66  0.293915
67  0.30263
68  0.293214
69  0.298141
70  0.294915
71  0.295
72  0.298622
73  0.286039
74  0.296627
75  0.299594
76  0.298999
77  0.296214
78  0.297783
79  0.30134
80  0.299151
81  0.297954
82  0.296375
83  0.298962
84  0.308775
85  0.301903
86  0.303087
87  0.300904
88  0.306281
89  0.304488
90  0.304825
91  0.301859
92  0.296621
93  0.29711
94  0.305622
95  0.304111
96  0.300974
97  0.298034
98  0.295197
99  0.297749
100  0.293735
101  0.286689
102  0.286423
103  0.287001
104  0.289865
105  0.295082
106  0.292369
107  0.297205
108  0.289899
109  0.287536
110  0.295538
111  0.29151
112  0.298968
113  0.295887
114  0.291358
115  0.28884
116  0.292845
117  0.293049
118  0.296553
119  0.294566
120  0.29898
121  0.295075
122  0.290318
123  0.294035
124  0.292889
125  0.289288
126  0.293071
127  0.289381
128  0.290377
129  0.288705
130  0.294937
131  0.301522
132  0.2908
133  0.299138
134  0.295362
135  0.294908
136  0.289117
137  0.294673
138  0.298882
139  0.29781
140  0.293966
141  0.303672
142  0.301508
143  0.298202
144  0.299338
145  0.291916
146  0.290404
147  0.29654
148  0.299326
149  0.29981
150  0.294304
151  0.292478
152  0.287188
153  0.290232
154  0.294624
155  0.298632
156  0.29794
157  0.301607
158  0.286876
159  0.296382
160  0.296719
161  0.298334
162  0.296792
163  0.301476
164  0.295583
165  0.300935
166  0.297554
167  0.294579
168  0.288242
169  0.292913
170  0.29708
171  0.300184
172  0.298736
173  0.295826
174  0.285591
175  0.288299
176  0.299162
177  0.291399
178  0.294439
179  0.29384
180  0.289891
181  0.299622
182  0.296878
183  0.303502
184  0.300888
185  0.298665
186  0.300032
187  0.295466
188  0.300049
189  0.300193
190  0.296488
191  0.293633
192  0.296576
193  0.297041
194  0.298539
195  0.292237
196  0.293448
197  0.296578
198  0.299093
199  0.301161
200  0.301939
1  0.491378
2  0.647512
3  0.743206
4  0.80912
5  0.840215
6  0.848703
7  0.864202
8  0.87369
9  0.880815
10  0.884126
11  0.897126
12  0.901443
13  0.895236
14  0.893708
15  0.891851
16  0.890395
17  0.884587
18  0.89292
19  0.893575
20  0.895701
21  0.897111
22  0.897394
23  0.899833
24  0.901703
25  0.894571
26  0.893747
27  0.890253
28  0.885132
29  0.88873
30  0.888788
31  0.895699
32  0.892451
33  0.894055
34  0.892404
35  0.893573
36  0.886843
37  0.882322
38  0.876878
39  0.875746
40  0.870996
41  0.874696
42  0.87984
43  0.88491
44  0.891966
45  0.889815
46  0.890642
47  0.891689
48  0.884056
49  0.893994
50  0.906479
51  0.897591
52  0.893981
53  0.898938
54  0.895981
55  0.895306
56  0.891307
57  0.896431
58  0.894417
59  0.889257
60  0.890674
61  0.885775
62  0.884777
63  0.893367
64  0.899045
65  0.896151
66  0.894188
67  0.895459
68  0.897272
69  0.899072
70  0.905094
71  0.891004
72  0.894843
73  0.894458
74  0.89222
75  0.883186
76  0.880032
77  0.878274
78  0.884917
79  0.889047
80  0.885061
81  0.892924
82  0.886732
83  0.884059
84  0.89091
85  0.890521
86  0.885749
87  0.884706
88  0.890931
89  0.894145
90  0.894519
91  0.8891
92  0.891037
93  0.888634
94  0.886156
95  0.886714
96  0.896187
97  0.895199
98  0.898006
99  0.899159
100  0.894515
101  0.897302
102  0.891832
103  0.885342
104  0.887394
105  0.895672
106  0.889291
107  0.897608
108  0.896739
109  0.890622
110  0.887457
111  0.883937
112  0.884836
113  0.888626
114  0.891529
115  0.894691
116  0.895054
117  0.899959
118  0.896519
119  0.89809
120  0.89747
121  0.895959
122  0.888755
123  0.894885
124  0.888498
125  0.896654
126  0.891367
127  0.896178
128  0.895574
129  0.905743
130  0.901909
131  0.894678
132  0.888558
133  0.892915
134  0.894214
135  0.888926
136  0.880861
137  0.88205
138  0.885845
139  0.885744
140  0.893326
141  0.893114
142  0.890854
143  0.890576
144  0.890709
145  0.901518
146  0.89592
147  0.881012
148  0.882837
149  0.891176
150  0.881148
151  0.882139
152  0.886339
153  0.878018
154  0.881996
155  0.884462
156  0.89095
157  0.889412
158  0.889724
159  0.897812
160  0.90253
161  0.899538
162  0.897911
163  0.902497
164  0.908274
165  0.906013
166  0.906384
167  0.897084
168  0.890289
169  0.879989
170  0.890288
171  0.893042
172  0.900324
173  0.894545
174  0.907164
175  0.914778
176  0.903717
177  0.896386
178  0.89333
179  0.881536
180  0.894875
181  0.895474
182  0.895207
183  0.897335
184  0.88949
185  0.888409
186  0.894685
187  0.890369
188  0.893632
189  0.902061
190  0.903454
191  0.900334
192  0.890856
193  0.888695
194  0.892451
195  0.889338
196  0.891537
197  0.893009
198  0.891533
199  0.883524
200  0.886359
1  0.248234
2  0.168875
3  0.118829
4  0.096036
5  0.0718554
6  0.0613298
7  0.0576383
8  0.0629329
9  0.0683852
10  0.0604461
11  0.056101
12  0.0539372
13  0.0521934
14  0.0518201
15  0.0520051
16  0.0555739
17  0.0569802
18  0.05225
19  0.0486372
20  0.0536264
21  0.0515572
22  0.0533981
23  0.0543402
24  0.0474559
25  0.0478742
26  0.0486954
27  0.0502396
28  0.0471862
29  0.0482632
30  0.048456
31  0.0558035
32  0.0543469
33  0.0485137
34  0.0477811
35  0.0504413
36  0.0509048
37  0.0484613
38  0.0545968
39  0.0542941
40  0.051053
41  0.0549709
42  0.0506776
43  0.0497836
44  0.0565597
45  0.0496464
46  0.0538756
47  0.0539621
48  0.0517217
49  0.0559669
50  0.0537801
51  0.0542521
52  0.0549481
53  0.0586031
54  0.0530891
55  0.0573315
56  0.0549749
57  0.0521386
58  0.0493379
59  0.0475807
60  0.0467259
61  0.0411665
62  0.0431765
63  0.0414958
64  0.0454144
65  0.0448351
66  0.0431815
67  0.0487098
68  0.0511034
69  0.0530712
70  0.050278
71  0.0479677
72  0.0484313
73  0.0454503
74  0.0473167
75  0.0477
76  0.0467282
77  0.0499378
78  0.0482688
79  0.0528286
80  0.0519582
81  0.0508237
82  0.0495233
83  0.0522103
84  0.0456621
85  0.0409274
86  0.0438086
87  0.0425232
88  0.0440152
89  0.0450751
90  0.0461628
91  0.0433728
92  0.0469477
93  0.048164
94  0.050946
95  0.0520424
96  0.0475691
97  0.0520655
98  0.0523499
99  0.0515483
100  0.0505258
101  0.0588901
102  0.0535092
103  0.0526893
104  0.0547992
105  0.0535999
106  0.0491491
107  0.0504134
108  0.0517166
109  0.0508508
110  0.0533673
111  0.0558946
112  0.058883
113  0.0589985
114  0.0574206
115  0.0583224
116  0.0593674
117  0.0542233
118  0.0526939
119  0.0555549
120  0.0548968
121  0.0496867
122  0.0543794
123  0.0589928
124  0.0557086
125  0.0531362
126  0.0560282
127  0.0526237
128  0.0505464
129  0.0493506
130  0.051772
131  0.0512806
132  0.0501201
133  0.0558143
134  0.0507419
135  0.0518518
136  0.0451338
137  0.0449393
138  0.0414724
139  0.0428055
140  0.0429946
141  0.0460369
142  0.0451945
143  0.0467132
144  0.051463
145  0.0525713
146  0.0553288
147  0.0553458
148  0.0574022
149  0.0542191
150  0.0532289
151  0.055329
152  0.0535649
153  0.0485813
154  0.0461066
155  0.0479089
156  0.0482279
157  0.0509452
158  0.0512788
159  0.0456439
160  0.0418925
161  0.0455305
162  0.0433793
163  0.0461065
164  0.0472302
165  0.0515688
166  0.0479178
167  0.0477776
168  0.0490803
169  0.0471382
170  0.0448032
171  0.0419259
172  0.0476265
173  0.050463
174  0.0518504
175  0.0560561
176  0.0556778
177  0.0527516
178  0.0543854
179  0.0573437
180  0.0519293
181  0.0560284
182  0.0495379
183  0.0558954
184  0.051192
185  0.0539566
186  0.052059
187  0.0537296
188  0.0574728
189  0.0540162
190  0.053277
191  0.0529729
192  0.0571351
193  0.0597813
194  0.0583651
195  0.0581048
196  0.0525151
197  0.0506336
198  0.0530109
199  0.0509993
200  0.0510823
1  0.386866
2  0.432598
3  0.469934
4  0.485233
5  0.52224
6  0.520192
7  0.522843
8  0.510017
9  0.503544
10  0.484682
11  0.481519
12  0.486087
13  0.489841
14  0.488133
15  0.501339
16  0.514133
17  0.512393
18  0.522067
19  0.507459
20  0.496269
21  0.493461
22  0.468861
23  0.482079
24  0.472006
25  0.486761
26  0.506104
27  0.5011
28  0.514431
29  0.525365
30  0.501366
31  0.495776
32  0.507607
33  0.50752
34  0.483433
35  0.48536
36  0.494664
37  0.496709
38  0.498522
39  0.502715
40  0.501981
41  0.485501
42  0.487866
43  0.513575
44  0.502453
45  0.494611
46  0.513946
47  0.511555
48  0.503963
49  0.491685
50  0.48786
51  0.481253
52  0.485683
53  0.496162
54  0.496459
55  0.50441
56  0.494458
57  0.50862
58  0.505832
59  0.505629
60  0.508932
61  0.499589
62  0.49204
63  0.485448
64  0.481558
65  0.505902
66  0.497818
67  0.490797
68  0.493498
69  0.495187
70  0.49596
71  0.484328
72  0.486533
73  0.48761
74  0.491091
75  0.499113
76  0.505484
77  0.505932
78  0.484586
79  0.47718
80  0.498005
81  0.511907
82  0.500185
83  0.506583
84  0.50693
85  0.499486
86  0.501103
87  0.49812
88  0.496744
89  0.512434
90  0.497091
91  0.49999
92  0.491623
93  0.477043
94  0.488417
95  0.497064
96  0.48794
97  0.489163
98  0.482474
99  0.484315
100  0.485645
101  0.501683
102  0.505934
103  0.49801
104  0.49559
105  0.489208
106  0.494608
107  0.494548
108  0.477434
109  0.495716
110  0.499966
111  0.487974
112  0.47953
113  0.49762
114  0.491121
115  0.501572
116  0.500822
117  0.520342
118  0.491868
119  0.491114
120  0.494727
121  0.494893
122  0.504486
123  0.509574
124  0.504483
125  0.513375
126  0.493832
127  0.503473
128  0.480048
129  0.490664
130  0.493632
131  0.492921
132  0.483775
133  0.493158
134  0.479468
135  0.496702
136  0.49004
137  0.503852
138  0.504949
139  0.498648
140  0.504066
141  0.491011
142  0.48337
143  0.487478
144  0.490733
145  0.489944
146  0.49501
147  0.506021
148  0.510879
149  0.513018
150  0.50298
151  0.517941
152  0.517757
153  0.529968
154  0.507518
155  0.494764
156  0.493519
157  0.503308
158  0.504886
159  0.490845
160  0.490854
161  0.489682
162  0.48512
163  0.464272
164  0.480563
165  0.480604
166  0.49818
167  0.504609
168  0.501414
169  0.490874
170  0.498076
171  0.498964
172  0.483916
173  0.491725
174  0.486402
175  0.482452
176  0.494492
177  0.492055
178  0.467129
179  0.453743
180  0.467129
181  0.486294
182  0.478689
183  0.501299
184  0.499749
185  0.484721
186  0.497718
187  0.482226
188  0.476785
189  0.472824
190  0.474968
191  0.475199
192  0.474339
193  0.486373
194  0.494434
195  0.486151
196  0.494771
197  0.499009
198  0.502989
199  0.47666
200  0.492657
1  0.340253
2  0.356076
3  0.373888
4  0.391057
5  0.39503
6  0.396795
7  0.397823
8  0.401146
9  0.403138
10  0.401921
11  0.40087
12  0.395853
13  0.393458
14  0.391825
15  0.395312
16  0.407154
17  0.410438
18  0.407303
19  0.403287
20  0.400456
21  0.40204
22  0.407566
23  0.403584
24  0.403195
25  0.402263
26  0.396412
27  0.407392
28  0.411357
29  0.409629
30  0.406493
31  0.406898
32  0.40622
33  0.405772
34  0.402492
35  0.406927
36  0.40564
37  0.403285
38  0.409323
39  0.410455
40  0.411474
41  0.411912
42  0.411572
43  0.412847
44  0.415741
45  0.42042
46  0.41186
47  0.409965
48  0.411925
49  0.412732
50  0.413816
51  0.412066
52  0.413825
53  0.410361
54  0.412861
55  0.412457
56  0.408932
57  0.41082
58  0.396179
59  0.399647
60  0.406214
61  0.403202
62  0.408569
63  0.410825
64  0.406569
65  0.413192
66  0.416723
67  0.404704
68  0.411158
69  0.403213
70  0.40344
71  0.409872
72  0.408063
73  0.410523
74  0.405301
75  0.396405
76  0.395797
77  0.398817
78  0.394949
79  0.402648
80  0.399048
81  0.401889
82  0.397352
83  0.40839
84  0.397884
85  0.404493
86  0.404237
87  0.404187
88  0.409021
89  0.402644
90  0.403624
91  0.410323
92  0.411657
93  0.404507
94  0.398705
95  0.40541
96  0.403819
97  0.40841
98  0.409253
99  0.404531
100  0.406464
101  0.412181
102  0.412497
103  0.407204
104  0.410059
105  0.401129
106  0.411045
107  0.40174
108  0.414351
109  0.405711
110  0.409091
111  0.408194
112  0.398691
113  0.39913
114  0.4047
115  0.408468
116  0.40713
117  0.404279
118  0.410154
119  0.413736
120  0.403415
121  0.411296
122  0.408806
123  0.402264
124  0.403495
125  0.407834
126  0.403744
127  0.402525
128  0.407263
129  0.402936
130  0.398434
131  0.39778
132  0.409087
133  0.405911
134  0.406731
135  0.400829
136  0.417417
137  0.411516
138  0.409052
139  0.406962
140  0.413962
141  0.40524
142  0.401291
143  0.40291
144  0.40241
145  0.402323
146  0.412357
147  0.412215
148  0.410953
149  0.411065
150  0.416833
151  0.40481
152  0.409388
153  0.411209
154  0.409948
155  0.406676
156  0.406062
157  0.403173
158  0.410968
159  0.403704
160  0.416801
161  0.408997
162  0.405758
163  0.410279
164  0.413768
165  0.403901
166  0.403397
167  0.408738
168  0.407546
169  0.406397
170  0.404663
171  0.396606
172  0.401855
173  0.401673
174  0.41379
175  0.410111
176  0.406041
177  0.407595
178  0.397132
179  0.41382
180  0.413939
181  0.397959
182  0.401383
183  0.405246
184  0.400906
185  0.400883
186  0.399069
187  0.399783
188  0.395999
189  0.401358
190  0.403898
191  0.4064
192  0.403793
193  0.401589
194  0.402093
195  0.405671
196  0.395424
197  0.40065
198  0.392301
199  0.395474
200  0.394087
1  0.263312
2  0.209658
3  0.169718
4  0.136189
5  0.119608
6  0.115173
7  0.105344
8  0.0973238
9  0.0933893
10  0.0899355
11  0.0801796
12  0.076462
13  0.079751
14  0.0816951
15  0.0840742
16  0.0827324
17  0.086328
18  0.0768171
19  0.0819204
20  0.0806493
21  0.0816282
22  0.0811425
23  0.0817385
24  0.0798625
25  0.0858298
26  0.0857757
27  0.0868789
28  0.0910251
29  0.0876519
30  0.0860676
31  0.0825432
32  0.0836582
33  0.0792264
34  0.0810871
35  0.0868063
36  0.0869121
37  0.0934992
38  0.097231
39  0.0968504
40  0.103311
41  0.104442
42  0.100176
43  0.093372
44  0.0873911
45  0.085823
46  0.0863947
47  0.0856675
48  0.0903631
49  0.0843341
50  0.0762399
51  0.0826463
52  0.0898432
53  0.0835361
54  0.0801243
55  0.0812391
56  0.0816045
57  0.0783463
58  0.082095
59  0.0909189
60  0.0906062
61  0.096241
62  0.0941671
63  0.0887342
64  0.0800891
65  0.084488
66  0.0864542
67  0.0888028
68  0.0869841
69  0.0821276
70  0.0743749
71  0.0869639
72  0.0872507
73  0.0848574
74  0.0885923
75  0.0977173
76  0.0947547
77  0.0967596
78  0.0891411
79  0.086952
80  0.0954609
81  0.0878702
82  0.091473
83  0.0929157
84  0.0879992
85  0.0888937
86  0.0921081
87  0.0945876
88  0.0884827
89  0.0843772
90  0.0836024
91  0.0846483
92  0.0836723
93  0.0851409
94  0.0884673
95  0.0893551
96  0.0815766
97  0.07998
98  0.0761438
99  0.0757822
100  0.0826878
101  0.0779938
102  0.0826738
103  0.0918529
104  0.0919784
105  0.0824565
106  0.0862343
107  0.077515
108  0.0797445
109  0.0875673
110  0.0909621
111  0.0939489
112  0.092925
113  0.0889371
114  0.086466
115  0.0857189
116  0.0862743
117  0.0789574
118  0.0790153
119  0.0773384
120  0.0734558
121  0.0773313
122  0.082507
123  0.0790059
124  0.0866164
125  0.0807451
126  0.0820547
127  0.078649
128  0.0776566
129  0.0723719
130  0.079282
131  0.0861263
132  0.0915235
133  0.0881921
134  0.0836058
135  0.0890499
136  0.0968054
137  0.0945488
138  0.0933904
139  0.0906632
140  0.0826584
141  0.0836249
142  0.0823853
143  0.0862298
144  0.0809567
145  0.0719385
146  0.0799672
147  0.0941445
148  0.0973801
149  0.0877428
150  0.0925358
151  0.0909635
152  0.0864398
153  0.0935225
154  0.0878638
155  0.0846168
156  0.0811985
157  0.0867125
158  0.0853443
159  0.0802731
160  0.0790619
161  0.082675
162  0.0853407
163  0.0822279
164  0.0779276
165  0.0761755
166  0.0749509
167  0.0793061
168  0.0838894
169  0.0928519
170  0.0857308
171  0.0817071
172  0.0748846
173  0.0816457
174  0.0762101
175  0.0653182
176  0.0778029
177  0.0849146
178  0.0874797
179  0.0994679
180  0.0858173
181  0.0824385
182  0.0805792
183  0.0824263
184  0.084279
185  0.084494
186  0.0807587
187  0.0830471
188  0.0793127
189  0.0748799
190  0.0757178
191  0.0767412
192  0.0829651
193  0.0831723
194  0.0793609
195  0.0821148
196  0.0880587
197  0.0883828
198  0.0866039
199  0.0922123
200  0.0894225
1  0.301651
2  0.277874
3  0.256766
4  0.241065
5  0.24718
6  0.249836
7  0.256674
8  0.249299
9  0.244216
10  0.254418
11  0.247266
12  0.246879
13  0.254306
14  0.247333
15  0.249559
16  0.24627
17  0.244094
18  0.250173
19  0.252169
20  0.248433
21  0.249419
22  0.254976
23  0.253864
24  0.250247
25  0.253123
26  0.256592
27  0.253824
28  0.254255
29  0.25972
30  0.255251
31  0.252978
32  0.24518
33  0.259505
34  0.2574
35  0.255211
36  0.248684
37  0.245877
38  0.241108
39  0.243869
40  0.243727
41  0.244211
42  0.241786
43  0.239211
44  0.235579
45  0.242203
46  0.244497
47  0.242945
48  0.240231
49  0.245599
50  0.235894
51  0.240613
52  0.243125
53  0.239902
54  0.247773
55  0.247514
56  0.248968
57  0.256186
58  0.246815
59  0.246135
60  0.246864
61  0.246005
62  0.254858
63  0.268074
64  0.249222
65  0.239163
66  0.251341
67  0.249186
68  0.255256
69  0.254063
70  0.258864
71  0.247039
72  0.252695
73  0.254171
74  0.26287
75  0.265729
76  0.259878
77  0.259775
78  0.255323
79  0.252494
80  0.248173
81  0.238138
82  0.243061
83  0.247794
84  0.244891
85  0.251932
86  0.251274
87  0.253809
88  0.253988
89  0.251701
90  0.245103
91  0.246376
92  0.248327
93  0.24409
94  0.244926
95  0.251036
96  0.255793
97  0.246953
98  0.240614
99  0.255207
100  0.256709
101  0.244155
102  0.2416
103  0.254079
104  0.246502
105  0.24324
106  0.24587
107  0.244131
108  0.248874
109  0.24963
110  0.240438
111  0.238228
112  0.23783
113  0.246865
114  0.249338
115  0.24276
116  0.241218
117  0.238456
118  0.249101
119  0.252474
120  0.250954
121  0.255961
122  0.258225
123  0.253528
124  0.255534
125  0.251081
126  0.24628
127  0.246211
128  0.241264
129  0.240715
130  0.244957
131  0.241323
132  0.249649
133  0.242987
134  0.256034
135  0.247413
136  0.248442
137  0.251762
138  0.244029
139  0.252953
140  0.25255
141  0.242576
142  0.244921
143  0.245152
144  0.251078
145  0.238212
146  0.25085
147  0.242256
148  0.244433
149  0.237023
150  0.235722
151  0.239621
152  0.244892
153  0.24905
154  0.240082
155  0.247277
156  0.251219
157  0.252119
158  0.249789
159  0.247276
160  0.249247
161  0.248543
162  0.240088
163  0.243304
164  0.243839
165  0.245124
166  0.252748
167  0.256164
168  0.261729
169  0.249658
170  0.243547
171  0.251113
172  0.251639
173  0.252874
174  0.248908
175  0.250607
176  0.242184
177  0.237128
178  0.233041
179  0.242214
180  0.248922
181  0.250913
182  0.253007
183  0.242307
184  0.248135
185  0.243243
186  0.251696
187  0.251876
188  0.249568
189  0.251144
190  0.238347
191  0.241596
192  0.240832
193  0.241328
194  0.240268
195  0.249566
196  0.256616
197  0.259111
198  0.257938
199  0.258316
200  0.257741
1  0.286195
2  0.273256
3  0.281436
4  0.298036
5  0.281707
6  0.291433
7  0.287031
8  0.295964
9  0.295142
10  0.313797
11  0.315834
12  0.313031
13  0.306875
14  0.306621
15  0.284345
16  0.270825
17  0.266319
18  0.260194
19  0.270459
20  0.282597
21  0.298487
22  0.312247
23  0.300094
24  0.320738
25  0.309909
26  0.285588
27  0.299467
28  0.29171
29  0.279107
30  0.293308
31  0.29108
32  0.290862
33  0.302079
34  0.312387
35  0.317702
36  0.306675
37  0.29425
38  0.297188
39  0.285877
40  0.287542
41  0.300932
42  0.305261
43  0.28019
44  0.290771
45  0.289466
46  0.277247
47  0.280581
48  0.280372
49  0.287249
50  0.288514
51  0.301403
52  0.29766
53  0.286709
54  0.299294
55  0.292795
56  0.307805
57  0.303598
58  0.297491
59  0.286427
60  0.279135
61  0.288161
62  0.295927
63  0.303441
64  0.302298
65  0.290683
66  0.2846
67  0.299112
68  0.290683
69  0.282355
70  0.295299
71  0.299659
72  0.302554
73  0.293729
74  0.300282
75  0.288629
76  0.265473
77  0.282624
78  0.307713
79  0.315373
80  0.301476
81  0.279344
82  0.288741
83  0.285538
84  0.285246
85  0.293742
86  0.286889
87  0.278722
88  0.291504
89  0.284223
90  0.293205
91  0.291264
92  0.298963
93  0.31649
94  0.30664
95  0.292508
96  0.297448
97  0.305896
98  0.313292
99  0.313486
100  0.313418
101  0.292309
102  0.291113
103  0.296495
104  0.284591
105  0.290977
106  0.299354
107  0.292932
108  0.293772
109  0.292796
110  0.291787
111  0.301642
112  0.3017
113  0.287163
114  0.294134
115  0.295874
116  0.299372
117  0.288551
118  0.303424
119  0.29997
120  0.292109
121  0.30625
122  0.296023
123  0.299759
124  0.297989
125  0.289101
126  0.316883
127  0.286976
128  0.319527
129  0.319557
130  0.301306
131  0.290709
132  0.2966
133  0.292829
134  0.306954
135  0.286621
136  0.295317
137  0.279027
138  0.287733
139  0.288494
140  0.292222
141  0.291933
142  0.311684
143  0.304381
144  0.297699
145  0.307222
146  0.310641
147  0.294129
148  0.286
149  0.286725
150  0.295519
151  0.293306
152  0.300616
153  0.280149
154  0.294154
155  0.298874
156  0.306484
157  0.288049
158  0.294456
159  0.296953
160  0.301345
161  0.302989
162  0.305099
163  0.319926
164  0.304468
165  0.310836
166  0.289703
167  0.290966
168  0.28871
169  0.312841
170  0.30954
171  0.307067
172  0.323201
173  0.312141
174  0.311005
175  0.312142
176  0.299422
177  0.288385
178  0.320417
179  0.320864
180  0.327226
181  0.312254
182  0.317921
183  0.301944
184  0.297602
185  0.319254
186  0.309058
187  0.31881
188  0.33226
189  0.331712
190  0.315604
191  0.320864
192  0.334114
193  0.31734
194  0.307296
195  0.314795
196  0.301572
197  0.293505
198  0.282216
199  0.2992
200  0.288687
1  0.338249
2  0.337887
3  0.335013
4  0.313448
5  0.31558
6  0.310626
7  0.308179
8  0.304171
9  0.29629
10  0.300677
11  0.304042
12  0.304463
13  0.301633
14  0.304709
15  0.301061
16  0.301488
17  0.292448
18  0.295526
19  0.296303
20  0.297028
21  0.30386
22  0.300395
23  0.297821
24  0.300085
25  0.300801
26  0.30732
27  0.301749
28  0.291028
29  0.296967
30  0.291971
31  0.296422
32  0.30014
33  0.299321
34  0.304101
35  0.298797
36  0.294724
37  0.300132
38  0.29625
39  0.293476
40  0.290788
41  0.295818
42  0.29534
43  0.293452
44  0.293601
45  0.295709
46  0.293455
47  0.293771
48  0.296324
49  0.295299
50  0.292695
51  0.29826
52  0.300857
53  0.304267
54  0.302216
55  0.305467
56  0.308626
57  0.301261
58  0.305042
59  0.306308
60  0.296239
61  0.286084
62  0.289384
63  0.29367
64  0.302437
65  0.297004
66  0.289361
67  0.292666
68  0.295628
69  0.298646
70  0.301645
71  0.295128
72  0.293315
73  0.303438
74  0.298072
75  0.304001
76  0.305204
77  0.304969
78  0.307268
79  0.296012
80  0.3018
81  0.300157
82  0.306273
83  0.292649
84  0.293341
85  0.293604
86  0.292677
87  0.294909
88  0.284698
89  0.292867
90  0.29155
91  0.287818
92  0.291722
93  0.298383
94  0.295673
95  0.290479
96  0.295208
97  0.293555
98  0.29555
99  0.29772
100  0.299801
101  0.30113
102  0.30108
103  0.305795
104  0.300076
105  0.303788
106  0.296586
107  0.301055
108  0.295751
109  0.306753
110  0.295371
111  0.300296
112  0.302341
113  0.304983
114  0.303942
115  0.302692
116  0.300025
117  0.302671
118  0.293293
119  0.291698
120  0.297605
121  0.293629
122  0.300877
123  0.3037
124  0.303616
125  0.302878
126  0.303186
127  0.308094
128  0.302361
129  0.308359
130  0.306628
131  0.300698
132  0.300113
133  0.294951
134  0.297907
135  0.304263
136  0.293466
137  0.293811
138  0.292066
139  0.295228
140  0.292072
141  0.291087
142  0.297201
143  0.298887
144  0.298252
145  0.305761
146  0.29724
147  0.291245
148  0.289721
149  0.289125
150  0.288863
151  0.302713
152  0.303424
153  0.298559
154  0.295428
155  0.294693
156  0.295998
157  0.29522
158  0.302156
159  0.299914
160  0.28648
161  0.29267
162  0.297449
163  0.288245
164  0.290649
165  0.295164
166  0.299049
167  0.296683
168  0.304213
169  0.30069
170  0.298257
171  0.30321
172  0.299409
173  0.302501
174  0.30062
175  0.30159
176  0.294797
177  0.301006
178  0.308429
179  0.29234
180  0.29617
181  0.302419
182  0.301739
183  0.291253
184  0.298207
185  0.300452
186  0.300899
187  0.304751
188  0.303951
189  0.298448
190  0.299614
191  0.299968
192  0.299631
193  0.30137
194  0.299369
195  0.302092
196  0.311128
197  0.302772
198  0.308606
199  0.303366
200  0.303973
1  0.24531
2  0.142831
3  0.0870759
4  0.0546908
5  0.0401766
6  0.0361245
7  0.0304532
8  0.0289858
9  0.0257955
10  0.0259388
11  0.0226944
12  0.0220948
13  0.0250131
14  0.024597
15  0.024075
16  0.026873
17  0.0290852
18  0.0302632
19  0.0245045
20  0.0236501
21  0.0212604
22  0.0214638
23  0.0184283
24  0.0184345
25  0.0195991
26  0.0204769
27  0.0228685
28  0.0238429
29  0.0236177
30  0.0251445
31  0.0217577
32  0.023891
33  0.0267182
34  0.0265088
35  0.0196212
36  0.0262453
37  0.0241785
38  0.0258912
39  0.0274039
40  0.0256927
41  0.0208622
42  0.0199837
43  0.0217179
44  0.0206426
45  0.0243621
46  0.0229633
47  0.0226433
48  0.0255808
49  0.0216714
50  0.017281
51  0.0197626
52  0.0161756
53  0.0175257
54  0.0238951
55  0.0234548
56  0.0270889
57  0.0252222
58  0.0234882
59  0.0198243
60  0.0187199
61  0.0179842
62  0.0210559
63  0.0178991
64  0.0208659
65  0.0193612
66  0.019358
67  0.0157382
68  0.0157439
69  0.0188001
70  0.0205315
71  0.0220324
72  0.0179061
73  0.0206845
74  0.0191877
75  0.0190964
76  0.0252138
77  0.0249667
78  0.0259422
79  0.0240005
80  0.0194781
81  0.0192055
82  0.021795
83  0.0230257
84  0.0210906
85  0.0205857
86  0.0221429
87  0.0207061
88  0.0205861
89  0.0214782
90  0.0218781
91  0.0262515
92  0.0252902
93  0.0262255
94  0.025377
95  0.0239307
96  0.0222367
97  0.0248211
98  0.0258499
99  0.0250584
100  0.0227971
101  0.0247044
102  0.0254938
103  0.0228054
104  0.0206281
105  0.0218712
106  0.0244745
107  0.0248771
108  0.0235165
109  0.0218111
110  0.0215811
111  0.0221139
112  0.022239
113  0.0224374
114  0.0220053
115  0.0195904
116  0.0186717
117  0.0210841
118  0.0244652
119  0.0245716
120  0.0290747
121  0.0267094
122  0.0287382
123  0.026109
124  0.0248856
125  0.0226006
126  0.0265785
127  0.0251727
128  0.0267695
129  0.0218852
130  0.0188093
131  0.0191956
132  0.0199187
133  0.0188926
134  0.0221799
135  0.0220239
136  0.0223339
137  0.0234007
138  0.0207647
139  0.0235925
140  0.0240156
141  0.0232607
142  0.026761
143  0.0231937
144  0.0283342
145  0.0265436
146  0.024113
147  0.0248437
148  0.0197826
149  0.021081
150  0.0263164
151  0.0268979
152  0.027221
153  0.0284599
154  0.0301399
155  0.0309212
156  0.0278516
157  0.0238751
158  0.0249313
159  0.0219146
160  0.0184084
161  0.0177873
162  0.0167481
163  0.015275
164  0.0137989
165  0.0178112
166  0.0186648
167  0.0236097
168  0.0258216
169  0.0271596
170  0.0239811
171  0.025251
172  0.0247912
173  0.0238093
174  0.016626
175  0.0199034
176  0.0184801
177  0.0186994
178  0.0191905
179  0.0189961
180  0.019308
181  0.0220872
182  0.0242142
183  0.0202386
184  0.0262312
185  0.0270973
186  0.0245559
187  0.0265837
188  0.027055
189  0.0230591
190  0.0208284
191  0.0229251
192  0.0261788
193  0.0281323
194  0.028188
195  0.0285473
196  0.020404
197  0.0186078
198  0.0218632
199  0.0242632
200  0.0242187
1  0.450115
2  0.553251
3  0.624406
4  0.662899
5  0.680965
6  0.688834
7  0.685688
8  0.687768
9  0.687399
10  0.685136
11  0.696633
12  0.699183
13  0.693501
14  0.700847
15  0.698436
16  0.698156
17  0.698925
18  0.697577
19  0.699194
20  0.697941
21  0.699023
22  0.691626
23  0.691796
24  0.702297
25  0.699002
26  0.694712
27  0.695936
28  0.698558
29  0.692017
30  0.696293
31  0.691219
32  0.700473
33  0.691982
34  0.694819
35  0.694347
36  0.700411
37  0.705661
38  0.704296
39  0.701837
40  0.70522
41  0.700818
42  0.707537
43  0.711005
44  0.707861
45  0.708151
46  0.701627
47  0.703093
48  0.708047
49  0.698434
50  0.710326
51  0.705135
52  0.701927
53  0.701495
54  0.699138
55  0.695154
56  0.696057
57  0.691675
58  0.703847
59  0.706285
60  0.70641
61  0.712829
62  0.701966
63  0.69043
64  0.705363
65  0.716002
66  0.705477
67  0.702104
68  0.693641
69  0.692865
70  0.690858
71  0.704993
72  0.698874
73  0.700378
74  0.689813
75  0.686571
76  0.693394
77  0.690288
78  0.696408
79  0.694678
80  0.699869
81  0.711038
82  0.707416
83  0.699996
84  0.709447
85  0.707141
86  0.704917
87  0.703668
88  0.701996
89  0.703224
90  0.708734
91  0.710251
92  0.704725
93  0.707746
94  0.704128
95  0.696922
96  0.696638
97  0.700982
98  0.707036
99  0.693245
100  0.692766
101  0.696955
102  0.704891
103  0.693231
104  0.698699
105  0.70316
106  0.704981
107  0.705455
108  0.69941
109  0.699519
110  0.706195
111  0.705877
112  0.703287
113  0.694136
114  0.693241
115  0.698917
116  0.699414
117  0.70732
118  0.698205
119  0.691971
120  0.694149
121  0.694353
122  0.687395
123  0.687479
124  0.688758
125  0.695783
126  0.697692
127  0.701165
128  0.708189
129  0.709935
130  0.703271
131  0.707396
132  0.70023
133  0.701199
134  0.693224
135  0.700735
136  0.706425
137  0.703299
138  0.714499
139  0.704242
140  0.704456
141  0.711387
142  0.709884
143  0.708135
144  0.697459
145  0.709216
146  0.693822
147  0.702399
148  0.698165
149  0.708758
150  0.711049
151  0.70505
152  0.701544
153  0.702369
154  0.713811
155  0.704814
156  0.700553
157  0.696936
158  0.698932
159  0.70708
160  0.708861
161  0.705926
162  0.716533
163  0.71059
164  0.70893
165  0.703308
166  0.699335
167  0.696059
168  0.689191
169  0.703203
170  0.71165
171  0.706961
172  0.700735
173  0.696663
174  0.699241
175  0.693337
176  0.702138
177  0.71012
178  0.712573
179  0.700443
180  0.699149
181  0.693059
182  0.697455
183  0.701797
184  0.700673
185  0.7028
186  0.696245
187  0.694394
188  0.69296
189  0.694839
190  0.708376
191  0.705431
192  0.702033
193  0.698891
194  0.701367
195  0.692329
196  0.690869
197  0.690255
198  0.689051
199  0.690685
200  0.691177
1  0.326939
2  0.294146
3  0.24863
4  0.216731
5  0.196053
6  0.188375
7  0.190126
8  0.194019
9  0.201314
10  0.201522
11  0.202648
12  0.200881
13  0.203284
14  0.205247
15  0.214316
16  0.215042
17  0.221288
18  0.217739
19  0.222083
20  0.221133
21  0.208052
22  0.218892
23  0.217827
24  0.207256
25  0.20333
26  0.208308
27  0.199433
28  0.193859
29  0.195528
30  0.205326
31  0.213145
32  0.201531
33  0.190401
34  0.204179
35  0.196938
36  0.198661
37  0.209041
38  0.20429
39  0.211409
40  0.210477
41  0.213567
42  0.206873
43  0.206235
44  0.206776
45  0.215922
46  0.208806
47  0.207864
48  0.215665
49  0.221066
50  0.223625
51  0.217344
52  0.216656
53  0.217129
54  0.204248
55  0.202795
56  0.197737
57  0.187782
58  0.196677
59  0.207944
60  0.211933
61  0.21225
62  0.212033
63  0.211111
64  0.216144
65  0.203415
66  0.217582
67  0.210091
68  0.215818
69  0.222458
70  0.208741
71  0.216014
72  0.210913
73  0.218661
74  0.208627
75  0.212258
76  0.229043
77  0.211444
78  0.207701
79  0.207447
80  0.200518
81  0.208749
82  0.211074
83  0.20788
84  0.207824
85  0.206772
86  0.212008
87  0.223159
88  0.211752
89  0.203343
90  0.209703
91  0.208745
92  0.209414
93  0.206468
94  0.204943
95  0.210428
96  0.214612
97  0.204941
98  0.204235
99  0.202199
100  0.200937
101  0.206009
102  0.202954
103  0.205494
104  0.219819
105  0.219815
106  0.206038
107  0.21252
108  0.228794
109  0.211488
110  0.208247
111  0.210384
112  0.218771
113  0.215217
114  0.214745
115  0.202554
116  0.199806
117  0.191107
118  0.204708
119  0.208916
120  0.213164
121  0.198857
122  0.199491
123  0.190668
124  0.197528
125  0.197524
126  0.189285
127  0.209551
128  0.200425
129  0.18978
130  0.205062
131  0.216371
132  0.219626
133  0.214013
134  0.213578
135  0.216677
136  0.214643
137  0.217121
138  0.207318
139  0.212858
140  0.203712
141  0.217056
142  0.204946
143  0.208141
144  0.211568
145  0.202834
146  0.194349
147  0.19985
148  0.203121
149  0.200258
150  0.201501
151  0.188753
152  0.181627
153  0.189884
154  0.198329
155  0.206363
156  0.199997
157  0.208643
158  0.200658
159  0.212202
160  0.207801
161  0.207329
162  0.209781
163  0.215802
164  0.214969
165  0.208561
166  0.212116
167  0.204425
168  0.209876
169  0.196285
170  0.192384
171  0.193969
172  0.192883
173  0.196134
174  0.202593
175  0.205406
176  0.206086
177  0.21956
178  0.212454
179  0.225394
180  0.205645
181  0.201452
182  0.203391
183  0.196757
184  0.20265
185  0.196025
186  0.193224
187  0.198965
188  0.190955
189  0.195464
190  0.209428
191  0.203937
192  0.191547
193  0.196286
194  0.19827
195  0.199054
196  0.203657
197  0.207486
198  0.214795
199  0.22414
200  0.218656
1  0.302747
2  0.190932
3  0.136682
4  0.112893
5  0.112496
6  0.108628
7  0.0967363
8  0.0974724
9  0.0958782
10  0.101722
11  0.0983297
12  0.105273
13  0.0995418
14  0.101866
15  0.102142
16  0.103136
17  0.0968455
18  0.100582
19  0.102014
20  0.108666
21  0.1017
22  0.105884
23  0.10331
24  0.1038
25  0.0999515
26  0.100598
27  0.0939417
28  0.104139
29  0.0979514
30  0.100593
31  0.10648
32  0.106368
33  0.105734
34  0.106554
35  0.105318
36  0.10325
37  0.101931
38  0.0972371
39  0.106512
40  0.104435
41  0.108342
42  0.104967
43  0.102374
44  0.104449
45  0.103727
46  0.102425
47  0.0983495
48  0.0986037
49  0.0980022
50  0.111851
51  0.105476
52  0.101333
53  0.099837
54  0.106987
55  0.101693
56  0.100719
57  0.106204
58  0.112426
59  0.111166
60  0.110311
61  0.108505
62  0.105161
63  0.101828
64  0.10231
65  0.101143
66  0.102579
67  0.103387
68  0.0998521
69  0.0952567
70  0.0991075
71  0.0987231
72  0.102134
73  0.103021
74  0.10589
75  0.10568
76  0.10081
77  0.0993912
78  0.103238
79  0.097067
80  0.0963776
81  0.0988772
82  0.101217
83  0.100983
84  0.101731
85  0.099309
86  0.0930972
87  0.0987123
88  0.0987826
89  0.0980566
90  0.102528
91  0.105882
92  0.106997
93  0.0996908
94  0.10107
95  0.103999
96  0.100455
97  0.0946102
98  0.100021
99  0.102309
100  0.0978069
101  0.0982823
102  0.102763
103  0.100804
104  0.0948191
105  0.0927265
106  0.0977775
107  0.108142
108  0.110268
109  0.111143
110  0.105053
111  0.101904
112  0.101017
113  0.104043
114  0.102455
115  0.101894
116  0.10239
117  0.101742
118  0.101625
119  0.101677
120  0.0998616
121  0.0989135
122  0.110542
123  0.112851
124  0.107942
125  0.104245
126  0.104032
127  0.105881
128  0.0973228
129  0.103852
130  0.101923
131  0.0990889
132  0.0989858
133  0.0956099
134  0.0981061
135  0.104871
136  0.0976716
137  0.0959517
138  0.102068
139  0.0958173
140  0.102209
141  0.110621
142  0.103148
143  0.0991318
144  0.104137
145  0.106487
146  0.100372
147  0.101987
148  0.103545
149  0.106925
150  0.103546
151  0.106171
152  0.098347
153  0.0947182
154  0.0993001
155  0.100188
156  0.104454
157  0.111558
158  0.109907
159  0.109984
160  0.105255
161  0.104179
162  0.101881
163  0.10209
164  0.103646
165  0.0955109
166  0.0955268
167  0.0951755
168  0.104626
169  0.0996032
170  0.0970632
171  0.0981643
172  0.100374
173  0.107952
174  0.101665
175  0.106333
176  0.10076
177  0.104304
178  0.0955748
179  0.0978044
180  0.0972576
181  0.102102
182  0.103791
183  0.103345
184  0.0965597
185  0.0982445
186  0.104327
187  0.103277
188  0.106362
189  0.103835
190  0.102562
191  0.0953098
192  0.0944747
193  0.0972565
194  0.10707
195  0.109244
196  0.0982963
197  0.100017
198  0.0983849
199  0.0989214
200  0.0989891
1  0.456589
2  0.425866
3  0.421603
4  0.403414
5  0.398329
6  0.408387
7  0.413
8  0.414237
9  0.405171
10  0.414467
11  0.407041
12  0.410622
13  0.396237
14  0.400576
15  0.393075
16  0.401031
17  0.406086
18  0.415674
19  0.410778
20  0.416563
21  0.404458
22  0.40636
23  0.393081
24  0.398501
25  0.399232
26  0.398385
27  0.397561
28  0.407885
29  0.415151
30  0.408763
31  0.398179
32  0.395921
33  0.38501
34  0.407183
35  0.403685
36  0.392311
37  0.404211
38  0.394702
39  0.392934
40  0.384905
41  0.393535
42  0.394123
43  0.401178
44  0.407937
45  0.401777
46  0.41445
47  0.414555
48  0.418483
49  0.402252
50  0.399497
51  0.399381
52  0.394203
53  0.395612
54  0.401655
55  0.407351
56  0.407279
57  0.399293
58  0.399711
59  0.393487
60  0.411232
61  0.409191
62  0.401337
63  0.388467
64  0.399835
65  0.403754
66  0.41084
67  0.411349
68  0.414091
69  0.408601
70  0.404352
71  0.410848
72  0.402834
73  0.401438
74  0.396882
75  0.394583
76  0.405794
77  0.405026
78  0.41022
79  0.404884
80  0.413882
81  0.413451
82  0.402874
83  0.419252
84  0.401065
85  0.416366
86  0.409276
87  0.406168
88  0.39451
89  0.398367
90  0.409924
91  0.392645
92  0.40683
93  0.396556
94  0.400895
95  0.399611
96  0.400174
97  0.38917
98  0.401087
99  0.401188
100  0.406747
101  0.40269
102  0.401442
103  0.412385
104  0.398152
105  0.405911
106  0.390938
107  0.391519
108  0.409942
109  0.399512
110  0.396485
111  0.38761
112  0.402082
113  0.394745
114  0.403017
115  0.405427
116  0.396165
117  0.405547
118  0.410651
119  0.41598
120  0.410009
121  0.402338
122  0.405473
123  0.397716
124  0.388088
125  0.395816
126  0.394588
127  0.396498
128  0.398026
129  0.401939
130  0.415218
131  0.410192
132  0.400623
133  0.393624
134  0.401825
135  0.408568
136  0.406097
137  0.407042
138  0.404721
139  0.402053
140  0.396263
141  0.39152
142  0.398068
143  0.394231
144  0.39877
145  0.397818
146  0.403374
147  0.40817
148  0.416745
149  0.413396
150  0.387731
151  0.403963
152  0.404
153  0.406667
154  0.413543
155  0.405569
156  0.397282
157  0.402523
158  0.402438
159  0.398778
160  0.403364
161  0.408057
162  0.403594
163  0.404078
164  0.414943
165  0.404808
166  0.401332
167  0.412757
168  0.4068
169  0.403532
170  0.406482
171  0.42618
172  0.404871
173  0.395803
174  0.403233
175  0.386379
176  0.403613
177  0.407573
178  0.399492
179  0.396919
180  0.393434
181  0.407869
182  0.419765
183  0.399571
184  0.413295
185  0.39741
186  0.396119
187  0.38697
188  0.396531
189  0.393314
190  0.402113
191  0.395023
192  0.405398
193  0.399516
194  0.399533
195  0.409
196  0.407714
197  0.40258
198  0.395787
199  0.410342
200  0.403884
1  0.743696
2  0.875929
3  0.932431
4  0.961435
5  0.975953
6  0.985206
7  0.986085
8  0.988337
9  0.988451
10  0.989162
11  0.988654
12  0.990198
13  0.990286
14  0.99015
15  0.991021
16  0.990877
17  0.989072
18  0.988974
19  0.989524
20  0.989516
21  0.989637
22  0.991055
23  0.98997
24  0.990985
25  0.991034
26  0.992205
27  0.989743
28  0.990308
29  0.988562
30  0.98816
31  0.987545
32  0.987793
33  0.987073
34  0.987071
35  0.989248
36  0.98896
37  0.991455
38  0.990641
39  0.987366
40  0.990629
41  0.990836
42  0.989401
43  0.988846
44  0.988854
45  0.987461
46  0.989408
47  0.988936
48  0.987318
49  0.989605
50  0.992289
51  0.990023
52  0.989055
53  0.987237
54  0.98533
55  0.989537
56  0.989083
57  0.989163
58  0.989847
59  0.987862
60  0.988427
61  0.99003
62  0.990422
63  0.98882
64  0.987672
65  0.987046
66  0.987807
67  0.987949
68  0.989984
69  0.98993
70  0.990026
71  0.987773
72  0.986912
73  0.98898
74  0.988854
75  0.989636
76  0.988483
77  0.988383
78  0.988392
79  0.990758
80  0.98963
81  0.988268
82  0.988119
83  0.990204
84  0.989668
85  0.989305
86  0.988344
87  0.988624
88  0.990196
89  0.989539
90  0.990832
91  0.991362
92  0.992149
93  0.988112
94  0.991577
95  0.990731
96  0.988308
97  0.989157
98  0.989423
99  0.989248
100  0.989637
101  0.989402
102  0.989191
103  0.989058
104  0.98816
105  0.988792
106  0.98803
107  0.987865
108  0.990091
109  0.988858
110  0.989419
111  0.988978
112  0.989691
113  0.987371
114  0.989618
115  0.990058
116  0.989626
117  0.98876
118  0.98849
119  0.98813
120  0.990601
121  0.989325
122  0.990056
123  0.990914
124  0.989657
125  0.989526
126  0.991113
127  0.989443
128  0.988907
129  0.986887
130  0.987062
131  0.987367
132  0.988655
133  0.989307
134  0.990408
135  0.989898
136  0.990289
137  0.989113
138  0.989032
139  0.989586
140  0.991608
141  0.991095
142  0.990081
143  0.988822
144  0.989346
145  0.989884
146  0.986819
147  0.986918
148  0.990898
149  0.989576
150  0.98918
151  0.992038
152  0.990946
153  0.989706
154  0.988793
155  0.990151
156  0.990029
157  0.98885
158  0.988533
159  0.989101
160  0.990601
161  0.989614
162  0.986495
163  0.986824
164  0.989624
165  0.988659
166  0.98874
167  0.98726
168  0.989791
169  0.987981
170  0.985974
171  0.988185
172  0.988909
173  0.989248
174  0.991789
175  0.991178
176  0.989025
177  0.989745
178  0.990689
179  0.991451
180  0.991346
181  0.990381
182  0.99078
183  0.990902
184  0.992272
185  0.991943
186  0.990165
187  0.991271
188  0.99214
189  0.991147
190  0.989527
191  0.987621
192  0.987772
193  0.986562
194  0.98866
195  0.988812
196  0.987959
197  0.988463
198  0.98679
199  0.99002
200  0.990334
1  0.697253
2  0.809068
3  0.863318
4  0.887107
5  0.887504
6  0.891372
7  0.903264
8  0.902528
9  0.904122
10  0.898278
11  0.90167
12  0.894727
13  0.900458
14  0.898134
15  0.897858
16  0.896864
17  0.903155
18  0.899418
19  0.897986
20  0.891334
21  0.8983
22  0.894116
23  0.89669
24  0.8962
25  0.900048
26  0.899402
27  0.906058
28  0.895861
29  0.902049
30  0.899407
31  0.89352
32  0.893632
33  0.894266
34  0.893446
35  0.894682
36  0.89675
37  0.898069
38  0.902763
39  0.893488
40  0.895565
41  0.891658
42  0.895033
43  0.897626
44  0.895551
45  0.896273
46  0.897575
47  0.90165
48  0.901396
49  0.901998
50  0.888149
51  0.894524
52  0.898667
53  0.900163
54  0.893013
55  0.898307
56  0.899281
57  0.893796
58  0.887574
59  0.888834
60  0.889689
61  0.891495
62  0.894839
63  0.898172
64  0.89769
65  0.898857
66  0.897421
67  0.896613
68  0.900148
69  0.904743
70  0.900893
71  0.901277
72  0.897866
73  0.896979
74  0.89411
75  0.89432
76  0.89919
77  0.900609
78  0.896762
79  0.902933
80  0.903622
81  0.901123
82  0.898783
83  0.899017
84  0.898269
85  0.900691
86  0.906903
87  0.901288
88  0.901217
89  0.901943
90  0.897472
91  0.894118
92  0.893003
93  0.900309
94  0.89893
95  0.896001
96  0.899545
97  0.90539
98  0.899979
99  0.897691
100  0.902193
101  0.901718
102  0.897237
103  0.899196
104  0.905181
105  0.907273
106  0.902223
107  0.891858
108  0.889732
109  0.888857
110  0.894947
111  0.898096
112  0.898983
113  0.895957
114  0.897545
115  0.898106
116  0.89761
117  0.898258
118  0.898375
119  0.898323
120  0.900138
121  0.901086
122  0.889458
123  0.887149
124  0.892058
125  0.895755
126  0.895968
127  0.894119
128  0.902677
129  0.896148
130  0.898077
131  0.900911
132  0.901014
133  0.90439
134  0.901894
135  0.895129
136  0.902328
137  0.904048
138  0.897932
139  0.904183
140  0.897791
141  0.889379
142  0.896852
143  0.900868
144  0.895863
145  0.893513
146  0.899628
147  0.898013
148  0.896455
149  0.893075
150  0.896454
151  0.893829
152  0.901653
153  0.905282
154  0.9007
155  0.899812
156  0.895546
157  0.888442
158  0.890093
159  0.890016
160  0.894745
161  0.895821
162  0.898119
163  0.89791
164  0.896354
165  0.904489
166  0.904473
167  0.904825
168  0.895374
169  0.900397
170  0.902937
171  0.901836
172  0.899626
173  0.892048
174  0.898335
175  0.893667
176  0.89924
177  0.895696
178  0.904425
179  0.902196
180  0.902742
181  0.897898
182  0.896209
183  0.896655
184  0.90344
185  0.901755
186  0.895673
187  0.896723
188  0.893638
189  0.896165
190  0.897438
191  0.90469
192  0.905525
193  0.902743
194  0.89293
195  0.890756
196  0.901704
197  0.899983
198  0.901615
199  0.901079
200  0.901011
1  0.543411
2  0.574134
3  0.578397
4  0.596586
5  0.601671
6  0.591613
7  0.587
8  0.585763
9  0.594829
10  0.585533
11  0.592959
12  0.589378
13  0.603763
14  0.599424
15  0.606925
16  0.598969
17  0.593914
18  0.584326
19  0.589222
20  0.583437
21  0.595542
22  0.59364
23  0.606919
24  0.601499
25  0.600768
26  0.601615
27  0.602439
28  0.592115
29  0.584849
30  0.591237
31  0.601821
32  0.604079
33  0.61499
34  0.592817
35  0.596315
36  0.607689
37  0.595789
38  0.605298
39  0.607066
40  0.615095
41  0.606465
42  0.605877
43  0.598822
44  0.592063
45  0.598223
46  0.58555
47  0.585445
48  0.581517
49  0.597748
50  0.600503
51  0.600619
52  0.605797
53  0.604388
54  0.598345
55  0.592649
56  0.592721
57  0.600707
58  0.600289
59  0.606513
60  0.588768
61  0.590809
62  0.598663
63  0.611533
64  0.600165
65  0.596246
66  0.58916
67  0.588651
68  0.585909
69  0.591399
70  0.595648
71  0.589152
72  0.597166
73  0.598562
74  0.603118
75  0.605417
76  0.594206
77  0.594974
78  0.58978
79  0.595116
80  0.586118
81  0.586549
82  0.597126
83  0.580748
84  0.598935
85  0.583634
86  0.590724
87  0.593832
88  0.60549
89  0.601633
90  0.590076
91  0.607355
92  0.59317
93  0.603444
94  0.599105
95  0.600389
96  0.599826
97  0.61083
98  0.598913
99  0.598812
100  0.593253
101  0.59731
102  0.598558
103  0.587615
104  0.601848
105  0.594089
106  0.609062
107  0.608481
108  0.590058
109  0.600488
110  0.603515
111  0.61239
112  0.597918
113  0.605255
114  0.596983
115  0.594573
116  0.603835
117  0.594453
118  0.589349
119  0.58402
120  0.589991
121  0.597662
122  0.594527
123  0.602284
124  0.611912
125  0.604184
126  0.605412
127  0.603502
128  0.601974
129  0.598061
130  0.584782
131  0.589808
132  0.599377
133  0.606376
134  0.598175
135  0.591432
136  0.593903
137  0.592958
138  0.595279
139  0.597947
140  0.603737
141  0.60848
142  0.601932
143  0.605769
144  0.60123
145  0.602182
146  0.596626
147  0.59183
148  0.583255
149  0.586604
150  0.612269
151  0.596037
152  0.596
153  0.593333
154  0.586457
155  0.594431
156  0.602718
157  0.597477
158  0.597562
159  0.601222
160  0.596636
161  0.591943
162  0.596406
163  0.595922
164  0.585057
165  0.595192
166  0.598668
167  0.587243
168  0.5932
169  0.596468
170  0.593518
171  0.57382
172  0.595129
173  0.604197
174  0.596767
175  0.613621
176  0.596387
177  0.592427
178  0.600508
179  0.603081
180  0.606566
181  0.592131
182  0.580235
183  0.600429
184  0.586705
185  0.60259
186  0.603881
187  0.61303
188  0.603469
189  0.606686
190  0.597887
191  0.604977
192  0.594602
193  0.600484
194  0.600467
195  0.591
196  0.592286
197  0.59742
198  0.604213
199  0.589658
200  0.596116
1  0.256304
2  0.124071
3  0.0675691
4  0.038565
5  0.0240469
6  0.0147944
7  0.0139149
8  0.0116633
9  0.0115485
10  0.0108385
11  0.0113456
12  0.0098018
13  0.00971449
14  0.00985022
15  0.00897865
16  0.00912282
17  0.0109282
18  0.0110258
19  0.010476
20  0.0104836
21  0.0103631
22  0.00894466
23  0.0100305
24  0.00901459
25  0.00896643
26  0.00779515
27  0.0102567
28  0.00969238
29  0.0114381
30  0.0118396
31  0.0124546
32  0.0122072
33  0.0129272
34  0.0129295
35  0.0107517
36  0.0110405
37  0.00854501
38  0.00935914
39  0.012634
40  0.00937109
41  0.00916437
42  0.0105993
43  0.0111542
44  0.0111462
45  0.012539
46  0.0105916
47  0.0110644
48  0.0126818
49  0.0103953
50  0.00771074
51  0.00997686
52  0.010945
53  0.0127631
54  0.01467
55  0.0104628
56  0.0109166
57  0.010837
58  0.0101528
59  0.0121377
60  0.0115726
61  0.00997021
62  0.00957779
63  0.0111796
64  0.0123276
65  0.0129542
66  0.0121934
67  0.0120507
68  0.0100157
69  0.01007
70  0.00997434
71  0.0122272
72  0.0130878
73  0.0110202
74  0.0111464
75  0.0103637
76  0.0115168
77  0.0116171
78  0.0116077
79  0.00924174
80  0.0103698
81  0.0117325
82  0.011881
83  0.00979631
84  0.0103322
85  0.0106948
86  0.0116563
87  0.0113758
88  0.00980444
89  0.0104612
90  0.00916815
91  0.00863768
92  0.00785119
93  0.0118878
94  0.00842299
95  0.00926877
96  0.0116925
97  0.0108433
98  0.0105766
99  0.0107518
100  0.010363
101  0.0105983
102  0.010809
103  0.0109417
104  0.0118398
105  0.0112082
106  0.0119698
107  0.0121347
108  0.00990919
109  0.0111424
110  0.010581
111  0.0110217
112  0.0103089
113  0.0126286
114  0.0103818
115  0.00994243
116  0.0103741
117  0.0112404
118  0.01151
119  0.0118695
120  0.00939854
121  0.0106747
122  0.00994404
123  0.00908568
124  0.0103432
125  0.0104742
126  0.0088867
127  0.0105567
128  0.0110925
129  0.0131131
130  0.0129384
131  0.012633
132  0.0113454
133  0.0106929
134  0.00959164
135  0.0101022
136  0.00971113
137  0.0108872
138  0.0109676
139  0.0104143
140  0.00839226
141  0.00890503
142  0.00991894
143  0.0111776
144  0.0106544
145  0.0101159
146  0.0131813
147  0.0130815
148  0.00910194
149  0.0104243
150  0.0108196
151  0.00796238
152  0.00905384
153  0.0102944
154  0.0112065
155  0.00984921
156  0.00997083
157  0.01115
158  0.0114668
159  0.0108988
160  0.00939923
161  0.0103861
162  0.0135055
163  0.013176
164  0.0103762
165  0.0113407
166  0.0112605
167  0.0127398
168  0.0102094
169  0.0120193
170  0.0140258
171  0.0118148
172  0.0110907
173  0.0107522
174  0.00821067
175  0.00882229
176  0.0109749
177  0.0102547
178  0.00931145
179  0.00854944
180  0.00865383
181  0.00961851
182  0.00921968
183  0.00909845
184  0.0077279
185  0.0080566
186  0.00983502
187  0.00872949
188  0.00785953
189  0.00885311
190  0.0104731
191  0.0123786
192  0.0122277
193  0.0134378
194  0.0113396
195  0.0111882
196  0.0120406
197  0.011537
198  0.0132096
199  0.00998023
200  0.00966598
