0.1183059
0.04695545
0.026902175
0.021095075
0.017290725
0.015204725
0.0129766
0.013578675
0.010441345
0.011747125
0.0118705075
0.0107774175
0.012772825
0.011116775
0.010681645
0.0106779
0.0085333575
0.0079766275
0.0088493025
0.0075454825
0.0098427325
0.008290965
0.0099130725
0.00784701
0.0072917325
0.00938635
0.0107661075
0.007248225
0.0076024
0.0073305775
0.00718071
0.00909691
0.007953365
0.006553505
0.006976505
0.00728422
0.00924183
0.0103333375
0.00850716
0.0086268325
0.0097578775
0.0098141325
0.00869445
0.007646115
0.0068972625
0.0097826675
0.01049243
0.0082662975
0.0073271425
0.00715983
0.0095968225
0.0114274375
0.0090263175
0.0071710375
0.00581051
0.0074368125
0.0085819975
0.0100437175
0.0104641225
0.0086477175
0.0072197225
0.0093288425
0.0112383925
0.0075317175
0.0089909275
0.0111350825
0.0113190625
0.01052696
0.0095530225
0.0090527475
0.008506985
0.01169818
0.01213805
0.0111437775
0.0092918925
0.007561355
0.0076623975
0.007472275
0.00691965
0.0075671375
0.0068040625
0.00810554
0.006506455
0.005980745
0.0089782975
0.008448795
0.007246835
0.0105549975
0.01021755
0.0087174675
0.0090189875
0.009231755
0.010246445
0.00952025
0.0096710525
0.009798785
0.01008541
0.00915037
0.00887135
0.0090473625
