0.046621075
0.011716545
0.006875865
0.004906425
0.0042808625
0.0036630225
0.00322782
0.00317746
0.0036059025
0.003050475
0.0032523575
0.003089255
0.0030663425
0.0032834125
0.0030649225
0.003221935
0.0029868125
0.00332582
0.003331535
0.0034638475
0.003028635
0.00282463
0.0029218
0.00309097
0.0034474875
0.00298377
0.002791165
0.002680425
0.0032511675
0.003161355
0.0028879275
0.0030625975
0.00356873
0.0032279925
0.0030307375
0.0028611075
0.0032814625
0.0034754625
0.0026115375
0.00273727
0.0031632025
0.0035840975
0.003235055
0.0031697225
0.00331008
0.0033514925
0.00334625
0.0032561725
0.0030479775
0.0029665075
0.0030944775
0.0033717025
0.00323817
0.00317732
0.00345624
0.00353464
0.0030446925
0.0029940125
0.003015635
0.003042505
0.0029825475
0.0030565725
0.0029277125
0.0034332425
0.00277947
0.0030366175
0.003037305
0.00323288
0.0031020175
0.00307626
0.003403245
0.0031916975
0.0034131675
0.0032391125
0.003134525
0.002897755
0.0032182275
0.002984965
0.002858935
0.0029503475
0.0026789075
0.0030718875
0.00308056
0.0026268375
0.0028899675
0.00288441
0.003057855
0.0030595025
0.0031014075
0.0030648425
0.0032306825
0.003101675
0.00335772
0.00300838
0.00278414
0.0035275475
0.0028846625
0.00283576
0.002956315
0.003007885
