0.04980925
0.009606865
0.004176285
0.002056285
0.00125891325
0.000898342
0.000813772
0.00059914325
0.00054406575
0.000608402
0.000510283
0.00044821175
0.0004714725
0.000595955
0.00053579975
0.0005020685
0.000506265
0.00052368075
0.0005223375
0.0004156735
0.00046233825
0.000389346
0.00054798275
0.000625267
0.000513651
0.00044216225
0.00052089575
0.000507936
0.0005441935
0.00052069875
0.00039946325
0.0005844665
0.0005968765
0.0004007515
0.0005081885
0.00043371375
0.0005054765
0.00054608625
0.000443609
0.0003927045
0.00050987225
0.000691957
0.00047975325
0.0005714365
0.00057324975
0.0004798365
0.0004809295
0.00044058275
0.000427423
0.00050542525
0.00044926575
0.00053429625
0.0006306495
0.00050007975
0.00043663525
0.0005498505
0.00052160425
0.00048326275
0.00037624075
0.00054742975
0.000527711
0.00044350175
0.00039588675
0.0006120865
0.000503023
0.00053776725
0.00055089075
0.0004933675
0.00046756475
0.000376326
0.000530522
0.00046279975
0.00051710175
0.000507527
0.00047045925
0.0003953945
0.00048657125
0.000558458
0.0005517805
0.00051581
0.00048486
0.000470922
0.0006373985
0.0006355785
0.00063776625
0.00052956775
0.00062344425
0.0004564325
0.0004658265
0.000464718
0.00053568975
0.0004240225
0.00057015875
0.00046360125
0.000468708
0.0006644365
0.00047138475
0.000423451
0.00057687475
0.000473135
