0.118022
0.051496975
0.0344261
0.02614265
0.0214791
0.020302675
0.019941825
0.02059585
0.02003535
0.02034235
0.0159311
0.0149487
0.01535805
0.01476685
0.01486915
0.01692815
0.01706105
0.0191795
0.017248075
0.015653925
0.014193775
0.015019575
0.014617725
0.014073125
0.0131139375
0.01458225
0.012808905
0.01519485
0.019921925
0.01791615
0.016286575
0.01562565
0.013698075
0.016768025
0.01592435
0.016037975
0.01443465
0.0138218
0.0131126
0.0136856
0.0140535
0.016036225
0.01385415
0.013726175
0.01283375
0.0150775
0.0131175
0.014881875
0.0157831
0.01602335
0.016243425
0.0145989
0.018471125
0.016869075
0.01470295
0.0148497
0.017955525
0.01380985
0.012435075
0.014579225
0.014131575
0.0146154
0.017183625
0.016986625
0.01463255
0.014907525
0.014464875
0.017055275
0.0161035
0.0153264
0.013814725
0.014599525
0.015527625
0.01678395
0.01746205
0.01815185
0.014224625
0.013830825
0.016906475
0.01304465
0.014453675
0.015159525
0.013000625
0.012839875
0.01396375
0.0142412
0.016450825
0.017899025
0.01720405
0.0161849
0.0171821
0.017866525
0.016275925
0.015109075
0.016539075
0.011283525
0.013722175
0.01500755
0.0145673
0.01846655
