0.094089875
0.07337665
0.06478765
0.060309275
0.0662853
0.0662095
0.060027525
0.062997525
0.061434225
0.0504165
0.050717025
0.0531549
0.050918775
0.05118165
0.05241545
0.050863375
0.044643975
0.0485463
0.043560325
0.058781775
0.053242375
0.0550881
0.053071475
0.052817125
0.05475965
0.0516852
0.04661115
0.044148175
0.0524965
0.04772585
0.04966255
0.04779495
0.050479675
0.0485216
0.046916525
0.0502389
0.0510127
0.049741775
0.0497283
0.049351525
0.045408275
0.04664955
0.048447475
0.044466575
0.0431079
0.049258
0.055530725
0.0506748
0.053932575
0.0442123
0.04520875
0.0448198
0.0509739
0.048068175
0.045218175
0.055850575
0.050513675
0.050544675
0.045628975
0.04575265
0.044223975
0.043783925
0.046728325
0.045393825
0.04608785
0.047942225
0.05257725
0.043928775
0.0456102
0.049433225
0.049418425
0.047755175
0.047818075
0.047063975
0.0478965
0.04699685
0.04794175
0.048970425
0.055075375
0.057291325
0.052711075
0.05030305
0.0490029
0.046120925
0.043641575
0.047187075
0.0541465
0.0495513
0.04875555
0.049256375
0.0503512
0.052909125
0.053619925
0.050781425
0.0536871
0.053966825
0.051477925
0.049396
0.0486792
0.05156475
